0.509989
0.662735
0.306291
0.709452
-0.104916
0.495099
0.579903
-0.212408
-0.599812
0.437320
-0.598391
0.937166
0.835809
-0.374937
-0.475806
0.774755
0.322927
0.789005
0.085080
-0.139232
0.248879
0.075423
0.100145
-0.343316
-0.126564
0.870965
0.118553
-0.154898
0.508393
0.554145
0.366005
-0.318785
0.067535
0.834065
0.801416
0.337922
0.256793
0.312463
0.503419
0.287643
0.890554
0.529091
0.182919
0.715029
0.612626
0.252763
0.441533
-0.524390
-0.153123
0.750317
-0.063391
0.456801
-0.742366
0.389487
0.555925
-0.116501
0.188109
0.862990
0.166605
0.865543
0.368557
0.740971
0.949613
0.681244
0.544865
0.744825
-0.265437
0.936568
-0.158187
0.628897
0.181892
-0.543839
-0.030214
0.616116
0.747278
0.832007
0.990425
0.045026
0.865793
-0.178609
0.988901
-0.465230
0.624276
0.992931
0.451559
0.005993
-0.134297
0.820796
-0.349047
0.399042
0.670726
0.472010
-0.029174
0.609124
-0.028269
0.773877
0.269150
0.164233
0.701312
0.471242
0.948994
-0.598977
0.509226
-0.151439
0.639763
0.139806
0.975821
0.627878
0.490510
0.839710
0.778003
0.475197
0.885890
0.334638
0.465342
0.284210
0.617351
0.652686
-0.037793
0.704485
-0.214793
0.879222
0.013945
0.193814
0.452992
0.348395
-0.291760
0.873655
0.725978
0.802820
0.288343
0.665867
0.823854
0.928935
0.823890
0.414953
0.000776
0.797151
-0.241662
0.743280
0.615048
0.892176
0.085989
0.468384
0.158976
0.770162
0.895146
0.936505
0.359279
-0.313596
0.628476
0.521110
0.964220
0.867797
0.879109
0.401851
0.133315
0.970810
0.207176
-0.643005
0.770113
0.709587
0.681835
0.565936
0.624730
0.464209
-0.409619
0.857916
0.160304
-0.093174
0.576098
0.935367
-0.412212
0.861469
0.376366
0.254511
0.610199
0.212422
0.145182
-0.421622
0.345208
0.937906
0.590209
0.289301
0.800781
0.431650
0.848724
-0.323649
0.389299
-0.085198
-0.280001
0.011662
0.891990
0.788663
0.813002
0.487060
0.146484
0.873620
0.283145
0.575121
-0.490691
0.977417
0.490371
-0.277664
0.837049
0.972801
0.399109
0.397903
0.164617
0.753023
0.473380
0.723798
0.681039
-0.208884
-0.249948
0.433771
0.588084
0.955658
0.541974
-0.410870
-0.198205
0.658642
0.122188
-0.634380
0.391114
-0.306570
0.506535
0.747602
0.961014
0.923535
0.228685
0.998923
0.899973
0.876466
-0.281095
0.726813
0.847305
0.527340
-0.058498
-0.148225
0.173418
0.697471
0.877891
0.997274
0.829536
0.983139
0.429853
0.361639
0.938382
-0.443436
0.442910
-0.397576
0.715809
0.773514
-0.343893
-0.091423
0.865970
0.602098
0.923437
0.823893
0.503574
0.092281
0.822703
0.363769
-0.178876
0.920766
-0.113082
0.979555
0.419261
0.237506
-0.203259
0.786420
-0.442676
0.999191
0.783341
0.881300
0.982322
0.091748
0.172272
0.920094
0.180399
0.804164
0.980203
-0.528391
0.546591
-0.419958
-0.021466
0.364061
0.668031
-0.207918
0.075558
-0.001961
0.295965
-0.360430
0.636437
0.483433
0.990602
0.814080
0.455009
0.405574
-0.119018
0.611477
0.064106
-0.007889
0.610455
-0.545974
-0.311961
0.588045
0.143446
0.310375
0.483947
0.587384
-0.034765
0.456439
0.625814
0.772521
0.529279
0.847793
-0.020172
0.038253
0.969409
0.399134
0.384142
0.246152
0.496011
-0.285137
0.882127
0.483104
0.911296
0.282438
0.987358
-0.381911
-0.731001
0.038457
0.118756
0.616499
0.093037
0.263430
0.044860
0.525832
0.764235
0.761985
-0.113032
0.963463
0.091540
0.804610
0.730782
0.825722
0.632671
0.940500
-0.422293
0.594398
0.309572
0.460179
0.969123
0.932631
0.581387
0.849128
0.388243
0.465044
0.016218
0.369350
0.549965
0.026301
0.664525
0.858209
0.863822
0.939667
0.009358
-0.283351
0.443814
0.983911
0.862736
0.644331
0.947049
-0.215614
0.394927
0.668561
0.946046
-0.271697
0.595619
0.999300
0.710288
-0.679504
0.459194
0.673606
0.942143
-0.259114
0.486774
0.300393
0.596437
0.748513
0.832436
-0.052864
0.978203
0.455031
-0.476929
0.840285
0.368313
0.091502
0.936662
0.933209
0.059732
0.794165
0.560974
-0.052359
0.916622
-0.487779
0.870450
0.860062
-0.162060
0.426101
0.859305
0.859902
0.439314
0.252340
0.500411
0.355147
0.405923
-0.403312
0.822137
-0.342903
0.813188
0.634827
0.100352
0.788930
-0.148357
0.175333
0.606476
0.561284
0.548081
0.525320
0.472760
0.823636
0.233880
-0.277999
-0.682387
0.085498
-0.167370
0.879998
-0.231800
0.125221
0.245717
0.971797
-0.173992
0.848025
0.204595
0.665192
0.107072
0.795970
0.733243
-0.305560
0.876009
0.510661
0.735671
-0.168802
0.207213
0.888666
0.386663
0.955549
0.412255
-0.573640
0.465095
0.984451
0.848535
0.860172
-0.329471
0.858205
-0.231500
0.014342
0.727552
0.030553
0.459165
-0.325104
-0.029782
0.628505
0.931006
0.491929
0.180822
-0.032961
0.194145
-0.453113
0.137498
-0.043661
0.570917
-0.567297
0.211566
0.926932
0.913704
0.785818
0.880621
0.282570
0.811279
0.291755
0.257121
0.640948
0.049334
0.378249
0.461297
0.247221
0.657665
0.038857
0.562817
-0.094575
0.187703
0.789039
0.815393
0.059963
0.183241
-0.202351
0.378986
0.625028
-0.084899
0.732519
0.836286
0.769021
0.759966
-0.106686
0.685101
0.660146
0.951547
0.539194
-0.459426
0.757198
0.954161
0.328072
0.327113
-0.048241
0.857966
0.918172
0.514769
0.479942
-0.145023
-0.183806
0.684853
0.410232
0.923716
0.456934
0.710232
0.040562
0.613606
-0.123051
0.878499
0.806657
0.896298
0.702141
0.544332
0.639808
0.875856
0.089313
0.189617
0.823844
0.832655
0.264817
0.551149
0.782165
0.778001
0.985973
0.973430
0.614805
0.903497
0.478636
-0.143677
-0.455636
0.641332
0.844379
0.474240
0.545780
0.226426
0.027518
0.811280
0.972660
0.295500
0.674958
0.776099
0.120219
0.296517
0.230964
0.933511
0.084429
0.588083
0.066984
-0.340387
0.365943
0.599473
0.645101
0.001053
0.303699
0.627743
-0.057766
-0.587301
0.505262
0.702352
-0.092166
0.565022
0.251845
-0.663147
-0.264917
0.934210
0.244879
0.210365
0.737760
0.198291
0.717002
0.344148
-0.277293
0.998576
0.811512
0.378480
0.932034
-0.381577
-0.441687
-0.077822
-0.151755
0.436606
0.797509
0.804956
0.698272
-0.057868
0.375473
0.894272
-0.011522
0.983210
0.574928
0.286251
0.543054
0.957153
0.303760
0.665488
0.889757
0.746640
-0.722953
0.608015
-0.365461
0.723338
-0.473465
-0.093815
0.721666
0.856558
0.598078
0.641189
0.923066
0.658006
0.834370
-0.387960
-0.133326
0.609298
0.871677
0.860916
0.815659
0.172566
0.746084
-0.591967
0.142070
0.226190
0.318116
0.865996
0.151213
0.797920
0.498999
-0.069034
0.507748
0.506343
0.809197
0.595719
0.096814
0.854303
0.786677
0.990298
0.697540
0.314136
0.629159
0.604855
-0.383912
0.416449
0.680242
0.010538
-0.284283
0.522651
-0.348298
0.913067
0.867528
0.826827
0.933861
-0.131840
-0.106948
0.210830
-0.629625
0.402672
-0.198405
0.519107
0.631721
0.660923
-0.301183
0.385938
0.126881
0.249764
0.156062
-0.381844
0.233453
-0.791238
0.409183
0.989350
0.606689
0.496882
0.400898
0.171985
0.753912
0.527632
0.867180
0.834283
0.408853
0.723669
0.642185
0.309884
0.884574
0.821968
0.727898
0.900294
0.122198
0.861648
0.381501
0.927838
0.488332
0.502975
0.275555
0.812762
0.899532
0.665690
0.880866
0.052548
0.667450
0.227393
0.030699
0.152823
0.880729
0.685601
0.587893
0.614935
0.065304
0.412925
0.399719
0.712259
-0.041218
-0.238337
-0.240743
-0.353855
0.934506
0.845754
0.972726
-0.007963
0.693769
0.340308
-0.179077
0.019835
0.958080
0.465798
-0.519517
0.855166
-0.067707
0.914662
-0.297107
0.862332
0.074282
0.195429
-0.129257
-0.193065
-0.640728
0.763448
0.760223
0.091886
0.033116
0.008234
0.979699
0.353562
0.209690
-0.304326
0.456321
0.091514
0.935200
0.417534
0.419164
0.615624
0.894879
0.590755
0.859746
0.850392
-0.223256
0.893949
0.691697
0.158344
0.803194
0.791953
-0.121637
-0.432927
-0.239200
0.180761
-0.066264
-0.200320
-0.348245
0.945778
0.299957
0.171048
-0.114544
0.267168
0.734328
0.445648
0.398278
0.043523
0.757432
0.300481
0.706589
0.031126
-0.596629
0.580278
0.844337
0.880453
0.381250
0.960737
0.766649
-0.159264
0.084895
0.537462
0.935883
0.341052
0.602427
-0.469436
0.731164
0.805605
-0.091644
0.812642
0.744848
0.533156
-0.225068
0.911064
0.933932
0.857503
0.315656
0.298521
-0.304583
-0.124813
0.781714
0.803427
0.297153
0.803390
0.315766
0.026141
0.668590
0.851645
-0.059275
0.374318
0.990951
0.380452
-0.709537
0.926511
0.868561
0.610605
0.969597
0.575392
0.355683
-0.168172
0.322832
-0.088260
0.697067
0.484124
-0.336421
0.617557
0.279066
0.428470
-0.594468
0.408839
0.625160
0.803739
0.098335
-0.560649
0.580674
0.658747
0.076590
0.116609
0.473069
0.374130
0.715834
0.460427
0.891732
0.723429
0.354845
0.751511
0.240545
0.307830
0.234796
0.781767
0.499097
0.753656
0.955649
0.041911
0.115753
-0.524653
0.872822
0.641767
0.472424
0.893706
-0.221101
-0.136372
0.684032
0.293585
-0.075465
0.140567
-0.434140
0.363666
0.540109
0.540640
0.879872
0.132526
-0.360905
0.763635
-0.666029
0.454796
0.471902
0.258253
0.900476
0.866007
-0.161310
0.359507
0.597255
-0.289101
0.658646
0.895571
-0.196173
0.500018
0.510396
0.630223
0.350757
0.653546
0.798194
-0.233207
-0.452922
0.975970
0.322444
-0.268944
0.326871
0.974524
0.661692
0.128407
0.084035
0.742674
-0.463943
0.104607
0.055956
0.530680
0.618721
-0.167320
0.345805
0.777023
0.544195
-0.510444
0.874994
0.045492
0.930858
0.999013
0.775684
0.415068
0.628991
-0.033388
-0.182237
0.367866
0.179251
-0.067646
0.331201
0.716154
0.130384
0.823485
0.686022
0.957391
-0.265443
0.953208
0.693042
-0.143801
0.011219
0.944753
0.705887
0.858009
-0.332397
-0.190205
0.613770
0.641388
-0.102846
0.452609
0.895045
-0.292568
0.451211
0.655319
0.537124
-0.167841
0.867782
0.694412
0.551208
-0.080985
0.886323
0.988654
0.899745
-0.103675
0.810945
0.563900
-0.215036
0.914867
0.502260
0.823076
-0.407058
0.758805
0.761831
0.771195
0.593514
0.846708
0.904780
0.049163
0.446830
-0.380591
0.738548
0.292756
-0.115251
0.043546
-0.448734
0.724874
0.280066
0.917011
0.352043
0.956078
-0.306500
0.169434
0.944457
0.985927
0.419261
0.748907
0.545481
0.574253
0.649724
-0.248208
0.336159
0.717352
0.871905
-0.083325
0.439881
0.425678
-0.615034
0.299723
0.716495
0.470376
0.396337
0.397628
0.902241
0.602219
0.690401
0.950536
0.231422
-0.363004
0.865176
0.772950
-0.565006
0.952998
-0.341053
0.969106
0.938558
0.521926
0.713104
0.463172
-0.146234
0.278031
0.599292
0.534664
-0.288856
0.432204
0.738025
0.561307
0.964776
0.757349
0.976311
0.674799
0.102955
0.361036
-0.167273
-0.102253
-0.443814
0.839620
-0.232801
0.309439
0.911919
0.976965
-0.100905
0.937013
0.929359
0.061347
0.905021
0.865411
0.802708
0.599633
0.266412
0.950900
0.992731
0.985337
0.468535
-0.312849
0.411031
0.067569
0.664353
0.358969
-0.712958
0.635373
-0.239963
0.114776
-0.339801
0.071608
0.376534
-0.191911
-0.313105
0.528112
0.488523
0.995568
0.497118
0.689184
0.932426
0.398664
0.944187
0.833672
0.189937
0.740047
0.380943
0.681790
0.682721
0.370036
0.664077
-0.031089
0.487735
-0.166470
0.385899
-0.034058
0.544149
0.395067
0.849984
0.676441
0.731026
0.928517
0.938559
-0.083750
-0.427486
-0.583848
0.732099
0.557391
-0.614965
0.098212
0.114985
0.949691
0.723772
0.004060
0.778277
-0.466744
0.960105
0.015007
0.732164
0.634406
0.651353
0.322743
0.850579
-0.058241
0.512802
0.149730
0.293017
-0.228116
0.752716
0.031590
0.802729
0.433478
-0.128594
0.733722
0.650262
-0.008554
0.758203
0.304815
0.795205
0.777300
0.650199
-0.376908
0.719936
0.293337
0.131624
0.451862
0.359798
0.054792
0.718707
-0.108228
0.893918
0.287898
0.543218
0.734616
0.542005
-0.230178
-0.533423
0.957133
0.034094
0.786287
-0.061394
-0.531505
0.101691
0.224851
0.768074
0.932234
0.520965
0.485358
0.193425
0.229941
0.155941
0.983136
0.333697
-0.589671
0.265982
0.693751
0.480276
0.801970
0.944772
0.051282
0.965600
0.835247
0.607530
0.497330
0.539053
-0.046677
0.637867
0.577606
-0.149769
0.886155
0.288077
0.210659
0.917572
0.639548
0.666141
0.673265
0.554676
0.022105
-0.021566
0.905669
0.544066
0.459137
0.887898
0.984820
0.487398
0.069608
0.675556
-0.464711
-0.448055
0.608212
0.134796
-0.649123
0.393147
0.914739
0.514280
-0.589823
-0.265992
-0.038762
0.603560
0.067797
-0.344557
-0.777942
0.558644
0.991912
0.642046
0.079897
0.663449
0.034073
0.430927
0.880599
-0.182874
-0.433263
0.284867
-0.621064
-0.504490
0.910017
0.100844
0.717108
0.954527
0.186891
0.228219
0.047149
0.208754
0.801614
-0.143063
0.882824
0.824128
0.072948
-0.355885
0.372562
0.457683
-0.137087
0.375598
-0.319288
-0.158072
-0.288945
0.226038
0.818904
0.202661
0.828909
0.685618
0.401835
0.882990
-0.366844
0.425050
0.919719
0.978518
0.746412
0.621624
0.932501
-0.390993
0.980179
-0.100312
0.308619
0.779403
0.186499
0.111724
0.576864
0.543903
0.236331
-0.501677
-0.359005
0.455018
0.427624
-0.120939
0.632277
0.550066
0.455472
0.399560
0.907522
0.200219
-0.140326
0.261255
-0.021278
0.014251
0.847368
-0.217864
-0.032295
0.566996
0.756262
-0.197080
0.643320
0.733421
0.150177
-0.447966
0.469450
0.596447
0.196925
-0.247500
-0.063455
0.664768
-0.148667
0.082768
-0.087650
0.612719
0.339809
0.821926
-0.023742
0.922377
0.118126
-0.255711
0.057572
0.356214
0.415382
0.385064
0.639675
0.180611
0.542521
0.854602
0.907976
0.198633
0.979663
0.527922
-0.409136
0.112308
0.588929
0.545076
0.892983
0.935310
0.674250
-0.360396
0.585197
0.832660
0.208609
0.780283
0.394938
0.748616
0.575288
0.649849
0.658232
0.878706
0.767688
0.915711
0.161451
0.044247
0.255417
0.956311
0.520515
0.933878
0.807117
0.393907
0.077876
0.784403
-0.649429
0.182182
-0.420900
0.604778
0.891256
0.948137
0.521768
0.540519
-0.612545
-0.124853
0.309422
0.237824
0.938991
0.857276
-0.280559
0.495359
0.470198
0.766407
0.323625
0.119946
0.669336
0.705350
0.475328
-0.503050
0.653204
-0.377503
0.969871
0.408836
0.484902
0.016771
0.064989
0.501957
0.503844
0.165472
-0.123083
0.351517
0.068319
0.707639
0.993733
0.101784
0.872995
0.299443
0.601454
0.807358
0.053623
0.713526
0.216239
0.755554
0.429208
0.741693
-0.521746
-0.122850
0.387677
0.518510
-0.039405
-0.235929
0.601793
-0.109946
0.555586
-0.161206
0.295735
0.832795
0.672381
0.929589
-0.182334
0.841926
0.240536
0.291205
0.516501
0.229929
0.642007
0.339539
0.733235
0.106206
0.012144
0.978304
0.988245
0.527149
0.730537
0.412209
0.155412
0.766979
0.612053
0.750549
0.183409
0.827006
0.868605
0.937822
0.987726
0.378059
-0.348100
0.275907
0.109376
0.756862
0.156743
0.324592
0.572286
0.640242
0.793758
-0.160767
0.996217
0.377692
0.530175
0.728818
0.712054
0.782870
0.703374
0.698135
0.219098
0.370827
-0.092801
0.623656
-0.021025
0.801609
0.295955
0.480767
0.605452
0.070369
0.393179
0.589852
0.690536
0.495118
0.983719
0.970384
0.136027
0.126709
0.277597
0.886395
0.937436
-0.104300
-0.573617
0.933521
0.591908
0.560217
0.650487
0.198666
0.261250
0.265581
-0.554764
0.698097
0.809819
-0.032912
0.221774
-0.668070
0.997667
0.725111
0.495055
0.602493
0.979698
0.987633
0.024827
0.666136
0.478110
-0.009829
0.629919
0.809978
0.444368
-0.616533
0.682483
0.353596
-0.064838
0.709621
0.249183
0.797060
0.151055
-0.621014
-0.220440
0.651703
0.291545
-0.149777
0.259888
-0.049960
0.232092
0.698975
-0.026575
0.228122
0.358193
0.732592
0.964743
0.327007
0.718138
-0.051673
-0.329447
0.047110
0.315039
0.722862
-0.466184
0.897512
0.742136
0.732975
0.190064
0.930198
0.381872
0.669320
0.718335
0.743296
0.688549
0.844403
0.321899
-0.342821
0.987895
0.770130
0.102840
0.211383
0.416174
0.415359
0.668978
0.906191
-0.020440
0.625912
0.174102
0.929208
0.833209
0.303879
-0.108134
0.028365
-0.225321
-0.009606
-0.212135
0.864662
0.947400
0.375596
0.789158
0.301721
-0.220940
0.463507
-0.179814
0.816661
0.234416
0.505355
0.895783
0.213751
0.170968
-0.117491
0.658772
0.782479
0.617471
0.228928
0.675477
0.841044
0.984056
0.993042
0.763355
0.815683
0.292744
0.930547
-0.485066
0.457589
-0.174058
-0.109754
0.258701
-0.332179
0.587278
-0.143481
0.417520
0.723579
0.646675
0.588958
0.503692
-0.741573
-0.148425
0.357875
0.220754
0.394515
0.568119
-0.716281
0.041780
0.014325
0.238949
0.922422
-0.411794
0.211791
0.915161
0.825170
-0.153785
0.150421
0.748206
-0.058784
0.802295
0.889841
0.239570
-0.113844
0.968865
0.959471
0.176410
0.371804
0.675795
0.970542
-0.458587
0.011944
0.974665
-0.041319
0.639677
0.176629
0.639806
0.051272
0.187149
0.891774
0.404809
0.659893
0.809187
0.483169
-0.786841
0.714128
0.228597
-0.149538
-0.650166
-0.299334
0.212763
0.816039
0.978672
0.678120
0.976122
0.947170
0.628882
0.133012
0.290596
0.196809
0.076806
0.359887
0.511986
0.025576
0.610945
-0.039293
0.505307
0.117111
0.368291
0.862510
-0.108368
0.905009
0.488271
0.972116
0.348358
0.490507
0.681096
0.768322
0.667620
0.695907
0.863411
-0.686417
0.470691
0.840375
0.688383
0.437140
0.782433
0.214995
0.775474
-0.109295
0.649400
-0.549313
0.574123
-0.021703
0.079779
0.013150
0.315091
0.799305
0.452318
0.841794
0.643631
0.654028
0.737450
-0.071938
0.619659
-0.115517
0.705337
0.191563
0.931962
0.291115
-0.592583
0.789765
0.304779
0.498128
0.607518
-0.314590
-0.590941
0.319936
0.347048
0.798158
0.540277
-0.332064
0.827797
-0.111673
0.132455
-0.336058
0.291863
0.680027
0.881251
0.888047
0.484817
0.494086
0.514266
0.089745
0.708427
-0.072394
0.348645
0.344694
0.455680
0.241234
0.808170
0.483423
-0.169557
-0.034604
-0.420178
0.763370
0.131118
-0.342656
-0.105190
0.703720
0.878170
0.732415
0.791685
0.692551
0.901025
-0.354011
0.779825
0.124396
0.762246
0.643843
-0.107522
0.130808
-0.061656
0.708458
0.514416
0.901529
0.896701
0.972176
0.186532
0.305269
0.193645
-0.211659
0.920296
0.401509
0.191469
0.974806
0.016652
0.586886
-0.441377
0.298744
0.179296
0.928836
-0.211052
-0.267694
0.606590
-0.604100
-0.079081
0.315151
0.158143
0.941984
-0.428104
0.407892
0.017362
0.049342
-0.079082
0.772355
-0.173380
-0.372146
0.740590
0.393465
0.404713
-0.395743
0.552836
0.284435
0.485551
0.903024
0.243085
0.747725
0.460005
0.321203
-0.174485
0.821931
0.205827
0.085891
0.924463
0.954825
0.120957
-0.280588
0.242373
0.555753
-0.506682
0.325343
-0.464651
0.087240
0.635844
0.016897
-0.534541
0.787425
0.145150
0.774184
0.049292
0.757385
0.839950
0.821937
-0.175824
0.254183
0.714061
0.439794
-0.252580
0.012918
0.898257
0.057829
-0.493474
0.016738
0.459930
0.962563
-0.083358
0.786396
-0.414184
0.490316
0.260775
-0.289266
0.938691
0.329749
0.247633
0.558938
0.619847
0.295589
0.266296
0.930747
-0.119657
0.589429
0.677274
0.995644
0.352726
0.824144
0.246908
-0.159370
0.172983
0.404289
0.261209
-0.023456
0.704169
0.320820
0.353738
-0.005121
0.261018
0.582728
0.996737
0.347809
-0.190911
0.255361
0.477415
-0.386061
0.772736
0.878431
0.637236
0.321878
0.088014
-0.624244
0.209770
0.344729
0.609171
-0.630124
0.338002
-0.443647
0.840353
0.773017
-0.043265
-0.152749
0.038258
0.528996
0.237359
0.945448
0.964997
0.778186
-0.130942
0.202036
0.282911
-0.139274
0.750248
0.466077
0.469745
0.100813
0.549526
0.127684
-0.162129
0.017756
0.682151
0.319038
0.049921
-0.599948
0.827608
0.869884
-0.510992
0.048144
0.920248
0.876648
-0.669093
-0.245280
-0.615630
0.059196
0.660434
0.265147
-0.056549
0.617434
-0.158648
0.226848
0.961387
0.482699
0.445905
0.705506
-0.534076
-0.718835
0.978588
0.587652
0.138342
-0.221109
0.834715
0.978881
0.482672
-0.367289
0.997790
0.231752
0.939786
-0.522837
0.561992
0.857248
0.909882
0.575335
0.965259
0.927271
0.846217
0.617756
0.140588
-0.543427
0.093048
0.363746
0.273137
0.015508
0.958625
0.870900
0.935374
0.988353
0.877016
0.913184
0.572667
-0.114665
-0.551716
0.350587
-0.168830
0.518539
0.448431
-0.174775
0.900380
0.361422
-0.094734
0.429073
0.130974
-0.350044
-0.344683
0.064282
0.999703
0.923490
0.884768
0.140038
0.952116
-0.157026
0.722289
0.192837
0.264697
0.673461
-0.056258
0.154464
0.659320
-0.406409
-0.014726
0.090049
0.014254
0.041058
0.680753
0.256355
0.788692
-0.067443
0.451630
0.675464
0.597816
0.660270
-0.110490
0.904557
0.744764
0.051392
-0.146254
0.744420
-0.116545
-0.548984
-0.515943
-0.245472
-0.089805
0.760152
0.360778
0.504958
0.371816
0.603406
0.842523
-0.252750
0.673266
-0.464776
0.269319
0.906699
0.125408
-0.420526
0.093165
-0.377985
0.047926
0.763239
0.750530
0.859189
0.359476
0.917927
0.755472
-0.082485
-0.129942
0.907610
0.924457
0.183906
0.935505
0.958126
0.353079
-0.261303
0.711920
0.862938
0.631968
-0.131501
0.424857
0.430490
0.090306
-0.122288
0.490819
0.617863
-0.404364
0.813900
0.682961
0.198027
0.883030
0.931990
-0.314747
0.613954
0.785385
0.477322
0.509006
0.503010
0.688633
0.693151
0.374091
0.597087
-0.642595
0.274701
0.543280
0.373162
0.424598
0.130801
0.155067
-0.212641
0.371653
0.779330
0.585356
0.697529
0.939176
-0.184282
0.213001
0.996979
0.946550
-0.582646
0.192718
0.825886
0.953989
0.327169
0.387255
0.733206
0.930160
0.993903
0.108346
0.604061
0.685848
0.710539
0.039160
0.701670
-0.314714
0.808418
-0.151472
0.536993
-0.305038
0.379721
0.681227
0.492414
0.015245
0.142989
0.032630
-0.122298
0.351183
0.537655
-0.129918
0.267507
0.565732
0.422935
-0.050539
0.505212
0.889866
0.628688
0.111439
0.815455
0.621068
0.513569
0.361297
0.200472
0.086030
0.658451
-0.531581
0.233637
0.416785
-0.077525
0.916041
0.533654
0.607777
0.578844
-0.298994
0.850657
0.895756
0.196053
-0.736362
0.184332
0.893636
-0.118799
0.678775
0.424011
0.623363
0.880330
-0.619162
0.482789
0.476281
0.141839
0.213046
-0.137641
0.841963
0.767647
0.424940
-0.282063
0.363077
0.467260
0.378593
0.910007
0.682466
0.248721
0.411181
0.176837
0.958340
0.530959
-0.122992
0.851567
0.888301
-0.111976
-0.110428
0.774706
0.194984
0.853206
0.068740
0.962103
0.722507
0.100486
0.429839
0.052000
0.529813
0.819734
0.305308
0.310142
0.558243
0.876575
0.446669
-0.630057
0.288143
0.942346
0.925448
-0.369078
0.149209
0.299513
0.288735
0.070380
0.952771
0.506616
-0.279184
0.837976
0.699608
0.090144
0.587764
-0.559985
-0.243564
0.861833
0.987337
0.839706
-0.204865
0.411531
-0.346806
0.678028
0.129770
0.414794
-0.332594
0.871298
0.227103
0.550502
0.887080
0.723077
0.473621
0.807500
0.798624
0.814307
-0.043403
-0.077337
-0.399603
-0.157154
0.716567
-0.116955
0.979124
0.347882
0.348072
0.560864
0.385575
0.497868
0.374670
0.366610
0.268649
0.539360
0.908669
0.381360
0.070329
-0.054331
0.921279
0.211120
-0.425081
0.086427
0.912976
0.941392
0.986145
0.349436
0.741886
0.783077
0.038670
0.939629
0.961516
0.151355
-0.336392
0.670997
0.396828
-0.415605
-0.271746
0.885220
0.629921
0.519045
0.336009
-0.323590
0.987547
0.786401
0.640010
0.895571
0.030669
0.906848
-0.337318
-0.147559
0.040098
-0.178132
0.326476
-0.156407
-0.358507
0.304668
0.540920
0.819734
-0.086580
0.806168
0.752648
-0.183946
-0.275595
0.836738
0.815107
0.527588
0.895002
0.916679
0.369632
0.496672
0.404533
0.857284
0.600258
0.386166
0.623337
0.101292
0.224386
0.871933
-0.093720
0.345346
-0.634367
0.324012
0.526541
0.348535
0.519019
0.615757
0.820325
-0.221799
0.381078
0.991301
0.925575
-0.033642
-0.208151
-0.590826
-0.535429
0.938844
0.554263
0.925537
0.852559
-0.619979
0.392748
0.175886
0.874581
-0.364553
0.762396
0.462796
0.223078
-0.267686
0.275927
0.468579
0.484598
0.298944
0.921530
-0.336471
0.816358
0.411305
0.707162
0.614543
0.564102
-0.126060
0.603561
0.465507
0.247152
0.743657
0.493402
0.294875
0.672335
-0.247634
0.170893
0.489681
-0.200889
0.764282
0.843257
0.996941
0.839325
0.580101
0.458495
-0.083775
0.698579
0.882247
0.680433
0.022616
0.099032
0.584764
0.167932
-0.337811
-0.362701
-0.619881
0.705568
0.649713
-0.086554
0.205075
-0.099338
0.492388
-0.360614
0.694203
0.920307
0.752875
0.811878
0.019378
0.122104
0.938498
0.988710
-0.221442
0.935334
0.826963
0.716817
0.365690
0.998502
0.346880
0.178647
0.678626
0.637037
0.555621
0.138139
0.957796
0.650190
0.256755
0.974162
0.268226
-0.592728
-0.150686
0.693470
-0.052462
0.668749
0.772971
0.893102
0.570782
0.484895
0.692116
0.821170
0.807168
0.617896
0.808674
0.926636
0.535695
0.613406
0.629614
0.999412
0.611516
-0.391657
0.177595
0.176431
0.709770
0.897015
0.580844
0.659551
0.521455
0.964837
0.627831
0.925522
0.984937
0.789817
0.603524
-0.087667
0.404859
0.301721
-0.399375
-0.422822
0.919086
0.760162
0.878110
0.716416
0.301985
0.671679
0.629190
0.957992
0.168810
0.129064
0.957390
0.937328
0.235896
0.099294
0.059502
-0.403033
-0.119173
0.851021
0.727924
0.709211
0.812738
0.269755
0.620219
0.795978
-0.124907
0.075274
0.968764
0.604666
0.633314
-0.546891
0.669662
0.531306
0.790944
0.518971
0.121022
-0.074008
0.028545
0.925078
-0.178922
0.501312
-0.019856
-0.305064
0.414435
0.522756
0.249951
0.713366
0.597539
0.476278
0.534186
0.229594
0.028776
0.272652
0.711505
0.868286
-0.106872
0.876471
-0.224643
-0.187365
0.444347
0.764313
-0.116524
-0.096099
0.196150
0.952133
0.718099
0.583405
-0.194650
0.952741
0.485562
0.094065
0.436059
0.728073
0.245432
0.959611
0.127693
0.708448
0.665429
0.902484
0.027432
0.041423
0.053617
0.397901
0.589462
0.959493
0.193738
0.775072
0.833019
0.372204
0.909446
0.193005
-0.024166
-0.384862
0.442760
0.488763
-0.632304
-0.005872
-0.192580
-0.155503
-0.113989
0.643582
0.327842
0.637134
0.290605
0.764565
0.586681
0.658300
0.420675
0.120533
0.537213
0.699923
0.473845
0.811194
-0.112978
-0.209592
0.766003
0.433507
0.901080
0.572079
0.928403
0.805171
0.919403
-0.197915
0.872736
0.324991
0.644084
0.888205
0.602579
0.787007
-0.550836
0.783461
0.370590
0.368446
0.357932
0.826637
-0.029215
-0.512284
0.440306
0.668330
0.181656
-0.427360
0.284698
0.834275
0.867310
0.508677
0.956191
0.612441
-0.557513
0.854753
0.012318
0.954520
0.641248
-0.175447
-0.338342
0.480460
0.510218
0.733252
0.320636
-0.112246
0.478608
0.361478
0.947089
0.960229
0.874297
0.275608
0.782686
-0.369701
0.328815
0.104736
0.746255
0.722528
0.198808
-0.202001
0.524077
-0.056125
0.660193
0.464676
0.819253
0.690820
0.251834
-0.507309
0.635999
-0.671355
-0.088311
0.725621
0.494279
0.714268
0.402367
0.938573
0.884381
0.981887
0.265874
0.827860
0.941716
0.043703
-0.035275
0.716411
0.169801
0.588704
0.989935
-0.430835
0.209806
0.181060
-0.072623
0.891209
0.457181
0.853625
0.307198
0.186944
0.511954
0.753925
0.246004
-0.046071
0.765428
0.490440
0.923939
0.148723
0.058569
0.287507
0.030683
-0.205463
0.257956
0.577474
0.951701
0.158231
0.839711
-0.150454
-0.601717
-0.158944
0.754711
-0.686600
-0.036263
-0.317041
0.196112
0.281451
0.974624
0.830188
0.023664
0.266385
-0.156547
0.773690
-0.214949
0.452535
0.966811
0.890138
-0.557502
0.889311
-0.071372
0.108325
0.098121
0.331563
0.310604
0.614265
-0.680949
0.232362
0.933542
0.849584
0.444367
0.952665
0.989166
0.062141
0.961368
-0.060946
0.211839
0.126632
0.535173
0.167261
-0.249670
0.793247
0.666395
0.073231
0.533871
0.798547
0.752327
0.489304
0.674371
0.781243
0.332285
0.866793
-0.441879
0.671449
0.111005
0.384336
0.169696
0.128151
0.797705
0.044442
-0.195818
0.135366
-0.057082
-0.226644
0.498798
-0.150794
0.161510
0.872543
0.356924
0.871014
-0.086341
0.502997
0.646718
0.852872
0.793692
0.008952
0.631741
0.509321
0.746682
0.198768
0.193576
-0.121597
-0.057286
0.274906
0.841733
0.401744
0.826082
-0.154227
0.744520
0.599959
0.289110
0.877986
0.908802
0.543663
0.991110
0.371151
0.714258
0.145266
0.168853
-0.151711
-0.119302
0.429147
0.677671
0.820519
0.206272
0.420626
-0.509596
0.975481
-0.613995
0.785339
0.155164
0.222860
0.944938
0.436070
0.710560
0.781385
0.950742
0.500247
0.928155
0.687173
-0.135877
0.168982
0.538210
-0.418188
0.882279
0.526372
0.449330
0.573332
0.854330
0.807084
0.740370
-0.681541
0.131184
0.351051
0.830439
0.597737
0.904498
0.867228
0.566343
0.922168
0.633663
0.892558
0.083232
0.564557
0.276724
0.973769
0.264574
0.194343
0.464187
0.141520
-0.635048
0.650914
0.577845
0.556877
0.715310
0.422064
-0.172719
-0.000993
-0.368147
0.988369
-0.612283
0.815415
0.997395
0.162668
0.042891
0.827573
0.922521
-0.174288
0.680051
0.463808
-0.426011
0.209653
0.308237
0.179809
0.923304
0.771937
0.132225
0.132850
-0.296344
0.796551
0.552178
-0.251711
0.392173
-0.082806
0.683397
-0.090722
0.640982
0.831001
0.295040
0.720738
0.818202
0.322185
0.498859
0.815315
0.705056
0.773277
0.621615
0.612184
0.912826
0.192785
-0.179868
0.966152
0.642769
0.493512
0.118107
0.546793
0.158143
0.535203
0.863702
0.305432
0.249917
0.367293
0.456258
0.815196
0.594452
-0.049584
0.984908
0.093991
-0.614334
0.270615
0.988042
0.836719
0.777734
0.482460
0.632020
0.433227
0.145595
0.121296
-0.241263
-0.026141
0.581128
0.061389
-0.104377
0.076452
0.779178
0.377864
0.831777
-0.343721
-0.701775
0.680713
0.416158
0.261757
-0.209732
0.975266
-0.081222
0.734697
-0.107877
-0.117853
-0.862321
-0.067549
0.494227
0.988044
-0.634176
0.168334
0.465861
0.649664
0.794133
0.805941
0.942352
0.907407
-0.734009
0.505974
-0.142973
-0.093232
0.797969
0.930623
0.597863
0.606828
-0.732501
0.606906
0.172884
0.422959
0.988534
0.362301
0.386873
-0.108918
-0.098878
0.597893
0.197823
-0.098875
0.801009
0.860290
-0.128466
0.816880
-0.112614
0.655956
0.417446
0.956650
0.410576
0.332057
0.861734
0.417251
0.954894
-0.708727
0.631469
0.747219
0.937383
0.084245
0.269569
0.942223
0.886320
0.672539
0.337768
0.874105
-0.238994
0.870901
-0.521887
0.124220
0.429278
0.251748
0.386066
0.121125
-0.001606
0.586651
-0.296862
0.280084
0.105712
0.537551
0.208025
0.737793
0.978797
-0.055875
-0.007808
0.933158
-0.040979
0.859464
0.669403
-0.194695
-0.235319
-0.461086
-0.378118
0.995987
0.724634
0.432475
0.869800
0.843356
0.238869
0.903347
-0.217939
0.835946
0.081522
0.543377
-0.242666
0.416014
-0.082409
-0.022476
0.853063
0.381753
0.771028
-0.074552
-0.061888
0.746814
0.266008
0.309497
0.668977
0.534220
0.070376
0.243689
0.686379
0.262445
0.314879
0.760901
0.255794
-0.201175
0.056238
0.022365
0.967698
0.572641
-0.204578
-0.318008
0.352278
0.289017
0.645771
0.502021
0.859029
0.836317
0.740674
0.698900
0.120181
0.467862
0.887196
0.405915
0.081653
0.068320
0.865372
0.937438
0.816804
-0.239882
0.134859
0.460514
0.424029
0.681418
0.095330
0.843012
0.817771
0.465618
-0.389263
0.781898
-0.265895
-0.051203
0.870271
0.491608
0.546966
0.482348
-0.384736
0.354700
0.244753
0.810878
-0.190416
0.618821
0.187047
-0.648676
-0.283178
0.550120
0.092994
0.960480
0.466582
-0.347486
-0.370162
0.800047
0.557859
0.515648
0.433280
0.851483
0.294839
0.154294
0.247918
0.388513
-0.342677
0.398809
0.629382
0.947095
0.988937
0.000149
0.408105
-0.429696
0.630244
0.823752
0.866416
0.775263
0.390128
-0.073612
0.789425
0.518315
0.756255
-0.444961
0.464550
0.095868
-0.198613
0.553554
-0.398925
0.706067
-0.201615
0.514311
0.526517
0.471031
0.849935
0.916691
0.966875
0.927631
0.272270
0.587829
0.872523
0.254034
0.825791
0.212735
0.335620
0.406327
-0.133525
0.115311
0.045175
0.587599
0.394747
-0.569965
-0.126607
-0.006456
-0.351830
0.655711
0.423413
-0.024055
0.055071
0.505028
0.916858
0.269156
-0.316341
0.412925
0.887372
0.935477
0.287936
0.852075
0.860403
0.754319
0.392299
0.721748
-0.235681
0.115450
-0.416869
0.490439
0.740341
-0.007293
0.807656
0.980289
0.821799
0.087070
-0.747503
0.976229
0.416866
-0.338617
0.626461
0.952329
0.126975
0.887297
0.439387
-0.039924
0.072322
0.549977
0.656004
-0.178661
0.463773
-0.459761
0.984064
0.259449
0.804184
0.368535
-0.313881
0.918780
0.710583
-0.154817
0.376305
0.392505
0.248426
0.062529
0.363079
-0.086105
0.464052
0.368657
-0.144895
0.981360
0.476159
0.791090
0.933195
0.803016
0.663053
0.341933
0.995807
0.927503
0.994660
0.650860
-0.411354
0.456267
0.704016
-0.482156
0.869835
0.465313
0.426495
0.955185
0.348819
-0.045198
-0.282631
0.871005
0.636002
0.391414
-0.235965
-0.333268
0.613134
0.605285
0.478267
0.779099
0.581567
-0.512104
0.537658
0.494347
0.839875
0.042779
0.952693
0.835288
-0.117440
0.947214
0.442882
0.009312
0.380642
-0.031920
0.089352
0.175675
0.704509
0.740714
0.093033
-0.188001
0.937769
0.256026
0.998242
0.557937
0.818690
-0.241196
0.653946
0.376544
0.732039
-0.069261
0.010311
0.214259
0.005373
0.788239
0.870555
-0.434027
-0.584358
0.819617
0.888985
-0.066595
0.760984
0.279009
0.318869
-0.018173
0.550063
0.655500
0.476549
0.128706
0.323261
0.783377
0.337275
0.222975
-0.161092
0.334546
0.926076
0.959807
0.486934
0.562205
0.315302
0.083655
0.768928
0.604316
0.571784
0.986170
0.324040
0.399218
-0.498516
0.356643
0.113716
0.926802
0.594276
-0.513970
0.155320
-0.636006
0.051597
0.879417
0.672601
0.759647
-0.121945
-0.319342
0.505538
0.548237
0.352026
0.675618
0.988549
0.235388
0.626708
0.471092
0.937021
-0.491116
0.773491
0.696656
0.651067
0.262263
0.680113
-0.381460
0.828664
0.722913
0.448758
-0.275074
0.636262
-0.250978
-0.178659
0.950039
-0.209763
0.279948
0.825897
0.806287
-0.177966
0.981854
0.893021
0.667984
0.524201
0.180715
0.250909
0.508788
0.652878
0.997779
-0.424616
0.574791
-0.502365
0.831566
0.151594
0.693765
-0.046014
0.984421
0.766957
-0.618540
0.704586
0.089428
-0.225764
0.248149
0.269754
0.072778
0.162238
0.445221
0.614841
-0.204701
0.150671
0.766437
-0.257863
-0.062548
0.373289
0.650972
0.452989
0.801779
-0.024097
-0.114884
0.799294
0.084123
0.758359
0.838279
-0.316558
-0.428760
0.496124
0.120530
-0.501129
0.153649
0.150809
0.746144
0.530776
0.335077
-0.267935
0.933713
0.657892
0.323028
0.349002
0.150295
0.494072
0.717706
-0.402430
0.623413
0.909394
0.456770
0.152466
0.321304
0.158199
0.454846
0.538437
-0.283258
0.760545
0.196431
0.934794
0.850482
0.282479
0.405306
-0.204845
0.338704
0.763152
0.346347
-0.112450
0.193668
0.840014
0.095498
0.071955
0.457128
0.662597
0.668386
0.801852
-0.026977
0.308862
0.864768
0.842993
0.158798
0.257901
-0.176423
0.701860
0.654021
0.623551
0.107815
0.761508
0.309694
0.574655
0.686308
0.053960
0.975873
-0.128888
0.266367
0.300969
0.921716
0.792375
0.522609
0.048708
0.610034
0.822475
0.443580
-0.197658
0.439941
-0.099959
0.930377
0.685727
0.536028
0.789464
0.492846
0.870102
-0.144026
0.657344
0.544746
0.816325
0.162138
0.847689
0.547139
0.695285
0.370983
0.095404
0.945670
0.334264
0.344922
0.174360
0.807499
0.220360
-0.274427
0.250542
0.553619
0.723768
-0.081624
-0.368621
0.858128
0.656896
0.046836
0.782520
0.249736
0.806494
0.539751
0.891674
0.660200
0.713848
0.522513
0.048942
0.491969
0.861193
-0.326278
-0.267446
0.526397
0.483180
0.266000
0.452678
0.939252
0.791083
0.813121
0.739477
-0.199980
0.913914
-0.281585
0.701648
0.621770
0.111622
0.778318
0.439378
0.943175
-0.633901
0.103204
0.151798
0.822352
0.840959
-0.064073
0.436974
0.522376
0.736962
0.725600
-0.328603
0.572979
0.814264
-0.062149
-0.140166
0.211676
0.521854
0.638761
0.102625
0.224812
0.399566
-0.685927
0.411566
0.268759
-0.254804
-0.086767
-0.733665
0.286450
0.953169
0.445942
0.191921
0.967757
0.764586
0.601476
0.786644
0.579855
0.805819
0.106988
-0.134223
0.506011
0.998947
0.041374
-0.180122
0.813094
0.345681
0.132078
-0.160101
0.975817
0.939161
0.332022
0.182883
0.307978
0.345297
0.786433
0.766206
0.490303
0.960506
0.771459
0.913256
0.912634
0.093258
0.029986
0.878777
-0.556282
0.852883
0.648423
0.612406
0.639833
0.933540
0.783147
-0.049011
0.932449
-0.621326
0.200177
0.737682
0.369901
0.593891
0.885743
0.333062
0.515262
0.144796
0.726532
0.946216
0.711095
0.469897
0.704429
0.052931
0.414134
0.424514
-0.139400
0.283005
0.741448
0.287033
0.073290
0.770785
0.029429
0.915558
0.309839
0.885454
0.845821
-0.078683
-0.363435
0.771918
-0.041876
0.312247
0.465351
0.618957
-0.676168
0.299764
-0.466284
0.528077
0.676408
0.775644
0.455200
0.310474
0.132678
-0.011949
0.626285
0.757069
0.681008
0.793328
-0.178961
0.356698
-0.091119
0.297208
-0.034334
0.317611
0.156201
0.573706
0.127161
-0.163985
0.774444
0.246618
0.915603
0.969363
0.753998
0.344187
0.580263
0.764936
0.813792
0.634176
0.192858
0.444972
0.343707
0.826606
0.894908
0.702133
-0.532178
0.492558
0.403365
0.716364
0.190807
0.576893
-0.147444
0.443920
0.986831
0.232538
0.898903
0.131944
0.944413
-0.079227
0.353605
0.710920
0.496166
0.220029
0.674539
0.132810
0.759491
0.125280
-0.448034
0.541794
0.931585
0.271969
-0.399586
0.235200
-0.042862
0.955334
-0.431558
0.021849
0.430509
0.475290
0.947947
0.806112
-0.234908
-0.296342
0.148703
-0.275040
0.370991
-0.052194
0.293302
0.285394
0.265389
0.816129
-0.291842
0.904200
-0.140333
0.777674
-0.060386
0.913688
-0.417126
0.041120
0.425176
0.986499
0.588739
0.506462
0.212151
0.804988
0.445072
0.295988
-0.553741
0.977314
0.908071
0.974420
0.780755
-0.615239
-0.386909
-0.357372
-0.224454
0.460136
0.093174
0.458497
0.889682
0.616712
0.183597
0.980832
0.494153
0.409505
0.755878
0.714338
0.279482
0.816540
0.955691
0.859505
0.801553
0.531438
0.308270
-0.187289
0.257774
0.893512
0.479192
0.300042
0.869433
0.348419
0.258635
0.631171
0.373796
0.356012
0.714852
0.529485
0.936765
0.982584
-0.398363
0.822316
0.594729
0.282632
0.801105
-0.158096
0.849919
0.522408
0.865217
0.013910
0.263806
0.817361
-0.347286
-0.107862
0.276097
0.417309
0.151007
0.735712
0.256792
0.819836
-0.200757
0.022908
0.047551
0.440163
0.874677
0.673491
0.922128
0.564743
0.047806
0.856033
0.541948
0.160050
0.661681
-0.070049
0.673623
0.411088
0.198658
0.487796
-0.591644
-0.060818
0.748110
0.296363
0.999572
0.829066
0.521242
0.275397
0.152786
0.853569
-0.245010
0.649558
0.656155
0.043490
0.890515
0.908759
0.725090
0.756752
0.561512
0.632991
0.228598
0.828434
0.449412
0.916847
-0.201605
-0.103379
-0.291756
0.810440
0.620966
0.343176
0.211510
0.645845
0.586214
-0.333420
-0.473959
0.585663
0.910426
0.575262
0.980110
-0.022538
0.379819
-0.307718
0.867977
-0.244456
0.200669
0.749562
-0.635066
-0.434222
0.461135
0.579875
0.693621
0.853756
0.350367
-0.041210
0.763149
0.519514
0.256778
0.861024
0.251110
0.996715
0.115084
0.685530
0.641787
0.886037
0.774032
0.691629
0.435886
0.671336
0.144525
0.407204
0.887041
0.737585
0.523802
0.745784
0.853433
0.885414
0.447699
0.868707
0.937572
-0.809268
0.405885
0.618351
0.854648
0.893346
0.831629
0.594390
0.372096
-0.053449
0.411999
0.801027
-0.061030
0.744614
0.439428
0.842739
0.611058
0.088755
0.499264
-0.238394
0.943181
0.832028
0.553033
0.826431
0.538544
-0.185892
0.541172
0.336951
-0.648949
-0.393813
0.120973
0.950436
-0.390565
0.743371
0.555529
0.918817
0.618375
0.325876
0.489098
-0.362660
0.575981
0.996126
0.875030
0.784968
0.740124
0.253469
0.604873
0.264994
0.604768
-0.127869
0.426979
0.531962
0.985101
-0.416073
0.290063
0.518684
-0.051052
0.954613
0.967693
-0.022941
-0.631212
0.058396
-0.139327
-0.336204
0.989472
0.730034
0.995464
0.605115
-0.169339
0.482843
0.688481
0.735003
0.477478
0.535987
0.478187
0.083870
0.927554
-0.167660
0.610410
0.511673
0.149576
-0.258682
-0.258119
0.121917
-0.110709
0.439672
0.834452
0.244577
0.373920
0.798933
0.527785
0.395729
-0.487010
0.705377
0.502033
-0.542996
0.372720
0.495837
0.639903
0.554701
-0.429040
0.230330
0.182503
0.546404
0.913210
0.838218
0.835581
0.837073
0.975342
0.396171
0.281304
0.103496
0.534236
0.431924
0.517609
0.724477
0.974475
0.284554
-0.336636
0.335149
-0.082818
0.624540
0.875492
0.003614
0.233418
0.326567
0.061283
0.789695
0.943649
0.902000
0.264285
0.995380
0.053563
0.675169
0.540294
-0.138713
0.474709
0.313371
0.985448
0.440162
0.860872
0.257471
0.760115
0.342573
0.850075
0.171489
-0.153454
0.822283
0.682694
0.021131
0.034430
0.869003
0.868068
-0.265047
-0.333124
-0.009577
0.468967
0.203003
0.997613
0.388969
0.020798
0.260339
0.382087
0.410947
-0.464981
-0.638119
0.603052
0.533073
0.334957
0.584520
-0.441262
0.104661
0.968181
0.814377
0.683565
0.815419
-0.219824
0.839106
0.615707
0.811682
-0.405867
0.867349
0.664638
0.927780
0.968205
0.754379
-0.181247
0.424138
-0.331521
-0.187786
0.933281
0.168914
0.448270
0.279897
0.777124
0.507759
0.302102
0.306953
-0.264463
0.808786
0.998886
-0.130150
-0.351776
0.967048
0.968008
0.766307
0.778771
-0.319195
0.579611
0.325044
0.898195
0.650732
0.103997
0.538712
0.560927
0.041284
0.190699
0.716275
0.710694
0.317721
0.855084
0.631125
0.705788
0.232768
-0.599267
0.433340
0.892579
0.331906
0.883907
0.992254
0.004383
0.882720
-0.150044
0.144443
0.847512
-0.238247
-0.415894
0.603483
-0.034041
0.647726
-0.558251
-0.298417
0.187371
0.151305
0.648644
0.907083
0.496562
0.980300
0.605535
0.061466
0.286403
0.416759
0.894627
-0.304038
0.822465
0.914532
0.549237
0.702925
0.193801
0.392176
0.693703
0.504858
0.210521
0.849742
0.836480
-0.083255
0.960600
0.894678
0.798482
-0.126727
0.515785
0.826473
0.065491
0.870968
-0.220330
0.911649
0.770736
0.641358
0.890958
0.301118
0.903335
0.099801
0.867703
0.791824
0.250905
0.674988
0.694990
0.936339
0.297614
-0.589170
0.295632
-0.314733
0.532293
0.717206
0.935784
0.305126
0.899681
0.894947
0.128675
0.685173
-0.459928
0.836031
0.471363
0.149732
0.693478
0.618621
-0.023643
0.410236
0.130960
-0.305598
0.862883
-0.064592
0.250122
0.719173
0.974920
0.712436
0.319437
0.664917
0.636631
0.794549
0.689529
-0.513663
0.883309
0.078751
0.755680
0.814638
0.638147
0.639149
0.697166
0.936770
0.224592
0.748756
0.766457
0.859125
-0.470771
0.404742
0.437109
0.064028
0.934437
0.774202
0.219321
0.791901
0.959068
0.690255
0.467919
0.933417
0.330345
0.917995
0.583003
-0.411938
0.701825
0.152333
-0.291809
0.560933
0.522533
0.853963
0.308115
-0.024553
0.453729
-0.283500
-0.176202
0.845494
0.850234
0.905798
0.690687
0.894889
0.261815
-0.066692
-0.170744
0.149607
0.958147
0.422406
-0.320620
0.916253
-0.091779
0.574698
0.846414
0.558501
0.466750
0.378943
0.628775
0.001120
0.741836
0.734874
0.803242
0.149331
0.561951
-0.039832
0.452140
-0.320220
0.144346
0.621254
0.930067
-0.170399
0.501175
0.606120
-0.546763
0.905780
0.808646
-0.101391
-0.036263
0.761877
0.631710
0.126413
0.665150
0.819524
0.882905
0.473674
0.312160
0.297097
0.962275
-0.492774
0.584222
0.697891
0.777537
0.320330
0.998066
0.255641
0.579136
0.449400
0.380929
0.896773
-0.188095
0.273576
-0.536497
0.659561
0.995121
-0.407767
0.542732
0.803207
0.024909
0.768435
0.531925
0.876163
-0.449603
0.037456
0.681296
0.931519
0.749328
-0.318828
0.183663
0.705593
-0.204180
0.923705
0.331292
0.905383
0.196232
0.328275
0.089892
0.927000
0.910123
0.704629
0.819304
-0.503220
-0.334287
0.850982
0.701830
-0.351704
0.910779
0.113956
0.880307
-0.181607
-0.480295
0.367574
-0.722982
-0.298965
0.662500
0.687775
-0.601385
0.343736
0.780938
0.216218
-0.194616
0.908538
0.078520
0.506203
0.808757
0.554877
0.952581
-0.380367
0.457526
0.860235
0.777659
0.187459
0.897698
0.861176
-0.107410
0.578545
0.935795
-0.366006
0.879054
0.811523
-0.018953
0.920915
0.057856
-0.007167
-0.687646
0.919510
0.908855
-0.547408
0.215398
0.676895
0.261816
0.406359
0.564908
0.604538
-0.731231
0.304542
-0.029991
0.957474
0.400874
0.698943
0.814172
0.041890
-0.591064
0.699765
-0.295987
-0.059499
0.161650
-0.567889
0.082411
-0.079234
0.837593
0.405052
-0.291759
-0.343365
0.667485
-0.265034
0.994107
0.555153
-0.186278
0.205191
0.092055
0.450314
0.796688
0.855507
-0.223767
0.802038
0.056780
0.187681
0.754320
0.700790
-0.590211
0.536274
0.944338
-0.477131
0.101305
-0.519833
0.028909
0.544739
-0.409709
0.437421
0.748817
0.897342
0.954018
0.847510
0.972839
0.611180
0.949474
0.966859
-0.017892
-0.340895
0.146322
0.412965
0.550787
-0.312204
0.190964
0.689122
0.891214
0.536553
-0.653218
0.627732
0.103367
-0.518205
-0.020329
-0.008744
-0.344841
0.418301
0.058108
0.169110
-0.470399
0.164167
0.797899
0.796289
-0.036300
0.746159
0.623064
-0.099398
0.273709
0.559225
-0.184124
0.554109
0.652503
0.354036
-0.454444
0.045459
0.473410
0.267869
0.936051
0.317105
0.937014
0.948423
-0.481451
-0.024334
0.981229
0.062565
0.334817
-0.416821
0.718293
0.648698
0.261947
0.766654
0.965297
-0.118744
0.529248
-0.117688
0.910483
-0.040435
0.204731
0.120256
0.780576
0.402909
0.862468
0.372929
0.893737
0.910517
0.671552
0.320850
0.113562
0.593268
0.809260
-0.012610
0.526694
0.852565
0.332062
0.501434
-0.288767
0.829712
0.572969
0.819797
0.433104
0.961820
0.557179
0.382729
-0.220096
-0.166340
0.589283
-0.565260
0.215619
0.940210
0.164759
-0.234702
0.313190
-0.112517
0.524037
0.136505
-0.374746
0.036157
0.687040
0.229386
0.849117
0.451708
0.522039
0.316839
0.232941
0.967029
0.941485
0.374850
0.793357
0.496215
0.082349
0.113224
0.443412
0.843689
0.720345
0.593599
0.980906
0.207364
0.624018
0.182316
0.099619
0.945277
0.357228
0.657565
-0.260811
0.985069
0.957292
-0.087066
0.004829
0.635448
0.477575
-0.399809
-0.153188
-0.367091
0.404998
0.443364
-0.510116
0.317387
0.937372
0.830842
0.937900
-0.047844
-0.269657
0.353256
-0.534976
0.828347
-0.500125
-0.670110
-0.130797
0.668001
0.200239
0.347113
0.600934
0.756151
-0.309134
0.720459
0.738950
-0.475866
0.900917
0.959507
0.685013
0.336132
-0.606368
0.840533
0.435140
0.431005
0.203822
0.482628
0.889190
0.090335
0.236682
0.823018
0.392005
0.387133
0.059797
0.434533
0.113248
0.129075
0.449019
0.357986
0.961967
0.826426
0.856753
0.552229
0.553028
0.944173
0.156722
0.186269
0.985486
-0.037903
0.112621
0.667519
0.593227
0.146179
0.468869
-0.283318
0.778675
0.844129
0.602700
0.651777
-0.268825
0.970035
0.427966
0.526107
0.342045
0.724525
-0.483633
0.688545
-0.674751
0.503162
-0.208645
0.971813
0.255051
0.977519
0.514923
0.941884
0.920990
0.851871
0.079318
0.905828
-0.473442
0.494081
0.551406
0.644806
0.828851
-0.310955
0.752885
0.581566
0.931601
0.272284
0.091477
-0.541213
0.222442
0.743160
0.563224
0.759512
0.413479
0.613189
0.389702
0.427511
-0.104383
0.550891
0.386492
0.488772
0.521144
0.997768
0.407512
0.412854
0.849446
0.719487
0.270996
0.893525
0.072752
0.950544
0.511111
-0.345271
-0.511674
0.151333
0.672005
0.965956
0.660099
0.945186
0.994312
-0.692239
0.679255
0.555788
0.768639
-0.129570
-0.013336
0.009487
0.621970
0.276733
0.799048
-0.318313
0.905810
0.235986
-0.325978
0.264953
0.821599
0.932099
-0.309149
-0.054580
0.821342
0.224990
-0.176010
0.257121
0.342447
-0.090812
0.648826
-0.280286
-0.176882
0.202380
-0.490385
-0.192456
0.216221
0.723974
0.706815
-0.265481
0.885803
0.922599
0.195129
0.475949
0.145348
-0.221136
0.583004
-0.041421
0.410310
0.679980
0.533107
0.131364
0.597291
0.639451
0.419201
0.361287
0.992676
0.592235
0.797069
0.331102
0.785003
0.390342
0.466258
0.922637
0.782644
0.517884
-0.453157
-0.228296
0.114233
0.759801
0.009398
-0.126151
0.670335
0.509071
0.665906
0.972820
0.652332
0.115854
-0.104990
-0.193945
0.964910
0.726207
0.336143
0.552263
0.282620
0.893246
-0.681184
0.270677
0.452845
0.807168
0.784232
0.125417
0.080371
0.141934
-0.029359
-0.504467
0.845506
0.066504
-0.133427
-0.227523
-0.694405
0.274938
0.110708
0.679749
0.920228
0.950273
0.646821
0.553132
0.017628
0.826989
0.703778
-0.059177
0.519384
-0.212763
0.765210
0.933071
-0.669084
0.775505
0.157041
0.467283
0.552448
-0.330093
0.794957
0.838656
0.275076
0.993313
0.876324
-0.000537
0.053039
-0.566710
0.208958
0.068700
0.313245
0.585858
0.939880
0.182398
0.521351
0.571997
0.897858
0.778345
0.338961
0.580854
0.965169
0.969540
0.721053
0.725244
0.901457
0.733069
0.454802
-0.036357
0.057215
-0.342912
0.121165
-0.507969
0.916775
0.642276
-0.544762
0.786879
0.872455
0.107199
0.813540
-0.032032
0.482810
-0.012098
0.807847
0.398306
0.485598
0.249499
-0.437914
0.340625
-0.183587
0.412375
-0.609179
-0.285715
0.367473
0.741503
0.827373
0.212543
0.422018
0.196942
0.494184
0.718185
0.318228
0.814124
0.757878
0.182134
0.405069
0.789113
-0.276100
0.209037
-0.414636
0.913756
0.494053
0.555974
-0.222266
0.215350
-0.495431
0.630624
0.687042
-0.300351
-0.404626
0.829933
0.531502
-0.338444
0.926101
0.997443
0.825507
0.745571
0.208110
0.152812
-0.371822
0.866611
-0.612282
0.416791
0.664607
0.777389
0.790001
-0.176245
0.533316
0.891560
0.410779
0.603966
0.799707
0.998899
-0.029133
0.919378
0.213449
0.048816
0.528792
-0.559464
0.209066
0.602768
0.857197
0.896636
0.694266
0.776882
0.893928
0.480688
0.480906
0.010847
0.822117
0.568324
-0.329069
0.840893
-0.397106
0.755685
0.594203
0.854791
0.895863
-0.086417
0.736547
0.253029
0.797426
0.498067
0.251192
0.995620
0.385485
0.686936
0.039841
-0.698467
0.716668
0.539268
0.612149
0.545458
0.398756
0.200356
0.233583
0.236202
0.851215
0.872203
0.541901
0.656026
0.397552
0.640424
0.456113
0.481368
0.324390
-0.235558
0.271714
0.153340
0.136058
-0.249634
0.647147
-0.328926
0.630428
-0.632857
-0.344377
-0.297919
0.704157
0.178806
-0.274053
0.353875
0.884580
0.725870
0.999010
0.221206
-0.432117
0.231902
0.681629
0.904895
-0.003157
0.080045
0.537785
0.663533
0.912346
-0.380573
-0.045998
0.181588
-0.070864
0.535897
0.595122
0.412663
0.664987
0.104653
0.520464
0.183268
0.131985
0.614957
0.326706
0.993967
0.945891
0.465067
0.344623
0.826783
0.041433
0.343096
-0.114241
0.139383
0.766637
0.854102
-0.050738
0.980150
-0.256667
0.756860
0.639248
-0.640045
0.827579
0.847634
0.205428
-0.734923
0.325531
0.945328
0.419235
-0.336056
-0.005201
-0.564658
0.309043
0.451386
0.645065
0.807745
0.442823
0.577702
0.178487
0.916318
0.345476
0.517066
0.209399
0.559265
0.843343
-0.283474
0.362022
-0.544051
-0.350711
0.504431
0.788252
0.724644
0.522734
0.590962
0.542778
0.887469
0.596732
0.978555
0.829170
-0.310495
-0.417548
-0.503033
-0.234499
0.391322
0.500167
0.771304
0.082691
-0.555931
0.266635
0.544466
0.942880
0.791922
-0.218249
0.106857
0.273264
0.961573
0.267430
0.808549
0.989503
0.378632
0.229452
0.776401
-0.093488
0.902244
0.290745
0.740205
0.783051
0.998304
0.715238
0.586909
-0.316228
0.777287
0.631278
-0.029266
0.027823
-0.074958
0.972258
0.436879
-0.016754
0.220300
-0.414452
-0.151085
-0.197991
-0.076918
0.340761
0.454174
-0.172772
0.789025
0.165871
-0.201583
0.031718
0.638363
0.905300
0.317797
0.515222
0.130711
-0.159791
0.204016
0.127531
0.865347
0.937874
0.269017
0.622605
0.553085
0.543570
0.869840
0.758188
0.506625
0.242380
0.966347
0.883930
0.330425
-0.244322
-0.706350
0.566693
0.491018
0.463642
0.725147
0.182040
0.816526
0.857885
0.513411
0.403610
0.754897
0.951184
-0.675900
-0.494829
-0.301477
0.220559
0.194217
0.954709
0.109954
0.686614
0.565412
0.855770
0.090645
0.390983
0.590180
0.806578
0.809312
0.546790
0.676005
0.003359
0.677097
0.684118
0.809328
-0.005636
-0.036323
0.496502
0.489411
-0.676045
0.294205
-0.359058
0.417559
-0.165390
-0.589036
0.431379
-0.073613
-0.237647
0.825732
0.457074
-0.388957
-0.289907
-0.042179
0.642457
0.949238
0.395930
-0.255492
0.524523
0.086744
0.916708
-0.197528
0.946092
-0.194008
0.815246
0.618775
0.938674
-0.576471
0.834378
0.411201
0.519740
0.844815
0.858940
0.609179
0.179100
0.995388
0.634730
0.799419
-0.084546
0.760554
0.601501
0.670125
0.828745
0.710133
0.876617
0.424551
0.649686
0.205002
0.561227
-0.000879
0.566895
0.450434
0.226755
0.495935
0.611569
-0.132324
-0.106476
0.533306
-0.077659
0.995872
-0.540352
0.727803
0.840311
0.889185
0.244927
-0.143961
0.884281
-0.815622
0.948782
-0.428290
0.761294
0.535784
0.730954
0.561660
0.117308
0.584848
-0.396151
0.940198
0.936800
0.636226
-0.138938
0.483543
-0.153902
0.446013
-0.426577
0.773764
0.636734
0.010990
0.213201
0.830498
0.002164
0.260934
0.525499
-0.438801
0.065921
0.914028
-0.027543
-0.195466
0.914704
-0.148852
-0.065760
0.662726
0.708118
0.919782
0.078919
0.989497
0.480089
0.188833
0.929344
0.390987
0.969056
-0.346810
0.977705
-0.239573
0.544608
-0.534104
0.888957
0.008990
0.071306
0.007119
-0.464822
0.411044
0.559056
0.581859
0.480249
0.836208
0.469203
0.719497
0.963120
0.347104
0.873713
-0.156095
-0.295163
0.556119
-0.407122
0.237462
0.542306
0.555796
0.659979
0.447227
-0.522036
0.621974
0.545737
-0.678265
0.748046
-0.158755
-0.485171
0.618254
0.258537
0.145314
0.855526
0.327583
0.762446
0.363774
-0.672543
0.124936
0.097134
0.482968
-0.755569
0.023523
0.947654
0.877132
0.271535
-0.501544
0.390528
0.360200
0.295740
-0.585200
-0.662112
-0.424092
0.476664
-0.466642
0.685884
-0.306614
-0.425157
0.371483
0.035185
-0.283991
-0.364532
0.574540
0.300341
0.926756
-0.739002
-0.138197
0.249461
-0.635096
0.362961
0.607182
0.502382
0.367799
0.854408
0.430071
0.172567
0.012367
0.480028
0.763635
0.641814
0.911493
0.787443
0.655370
0.965319
0.160833
0.706618
0.643999
0.302840
0.766928
-0.292692
0.609376
0.867178
-0.104871
0.011195
0.073174
-0.308337
0.020164
0.321631
0.380637
0.049460
0.842486
-0.374631
0.779854
0.113269
0.922887
0.086024
0.560889
-0.166415
0.782152
0.233783
0.795766
0.681223
-0.187116
0.396510
0.639209
0.364448
-0.101437
0.165253
0.830560
0.936616
0.313420
0.388175
0.798740
0.537180
0.663974
-0.452982
0.643536
0.901591
0.391034
-0.274351
-0.173066
0.142394
-0.097460
0.919362
0.539088
-0.310615
-0.083906
-0.139577
0.026696
0.957859
0.451519
-0.591572
0.630122
0.615677
0.425739
0.144815
-0.390158
0.634555
0.577480
0.895716
0.554947
0.997502
0.226927
0.277805
0.533856
-0.638090
0.349716
0.003410
0.916064
0.882190
0.185109
-0.449537
-0.097401
0.435577
0.967023
0.735090
0.548700
-0.166315
0.891743
0.806300
-0.288202
0.293063
0.828469
0.737427
-0.630632
0.162404
-0.534858
-0.335583
0.952621
0.614711
0.973505
0.492115
0.611561
0.181025
0.909057
-0.053415
0.205291
0.204837
0.323477
0.051210
-0.017103
0.720802
0.140898
0.278600
-0.011812
0.078343
-0.240728
0.786080
0.308773
0.999273
0.563658
0.442724
0.291892
0.331091
0.029196
0.315333
0.711629
0.088099
0.428519
0.655288
0.894969
0.390014
-0.043609
0.476447
0.768641
-0.278793
0.702724
-0.285427
0.354794
-0.239035
0.219006
0.620408
0.839776
0.613678
-0.676196
-0.470327
0.888835
-0.212885
0.832527
0.122626
-0.214966
0.336830
0.773629
0.461884
0.830452
-0.787081
0.910759
0.506885
0.091253
0.296144
-0.019426
-0.134517
0.844632
0.313708
0.662324
0.588747
0.451317
0.280511
0.699919
0.929461
0.440264
-0.483496
0.530811
0.198812
0.662027
0.543481
0.269568
0.524066
0.687009
-0.034021
0.839247
0.817536
0.596006
0.588039
0.190113
0.372269
0.590110
0.022866
0.982266
0.876067
0.596563
-0.059303
-0.570918
0.392279
0.562630
0.690321
-0.400618
-0.324293
-0.362237
0.767286
-0.680506
0.533646
0.811209
0.542910
0.892109
0.424662
-0.166691
0.081783
-0.527079
0.836764
0.394594
0.872367
0.634563
-0.372408
0.420113
0.968431
0.466621
-0.326103
-0.045534
0.441666
0.957475
0.810496
0.669971
0.981001
0.088800
0.092050
0.667487
0.195729
0.234109
0.747763
-0.307240
0.249435
0.173709
0.901482
0.930464
-0.035509
0.277554
-0.382297
0.393613
0.326397
0.903820
0.915503
0.114587
0.513103
0.982309
0.750758
0.470067
0.441727
0.838167
0.701376
0.982809
0.791493
0.470128
0.649037
0.770072
0.775691
0.926032
0.377462
-0.283091
0.103284
-0.048683
-0.059090
0.611188
0.455959
-0.324989
0.522294
0.694677
0.398630
0.603781
-0.131292
0.871579
0.479543
-0.385230
-0.160036
-0.386997
-0.459454
0.897746
0.552966
0.503127
0.725541
0.127901
0.479597
0.474976
0.798723
-0.076402
0.130336
0.542692
-0.272231
0.726846
0.658122
0.270193
0.923835
0.858074
0.997067
0.346040
0.940627
0.518348
-0.216300
0.309225
-0.095196
0.114219
0.092198
0.684199
0.225322
0.323648
0.756182
0.298205
0.155729
0.212297
0.930641
-0.559733
0.599928
0.381605
0.509242
0.333216
0.609970
0.831698
0.983461
0.724525
0.525867
0.637825
-0.284621
0.421935
0.457579
-0.294120
0.902011
0.372442
0.631412
-0.610607
0.840754
0.817693
0.146650
-0.275545
0.459091
0.622221
0.461665
0.085335
-0.571201
0.808761
0.571422
0.954468
0.836317
-0.010028
0.312390
0.277256
0.606838
-0.576517
-0.025227
0.585824
0.750437
0.759600
0.075769
0.851437
0.038994
0.757909
0.943795
-0.185867
-0.036291
0.560746
-0.139881
-0.521619
0.312258
0.379550
-0.182944
0.906628
-0.333699
0.626607
-0.114329
-0.257997
0.379229
0.755628
-0.417099
0.116984
0.967207
0.394610
0.641196
0.565056
0.427156
0.859364
-0.045493
0.029975
0.595998
0.382516
-0.346582
0.852931
-0.021321
-0.615747
0.982198
0.317466
0.582317
-0.186993
0.366234
-0.820753
0.552130
0.542408
0.907172
0.648356
-0.012155
-0.389865
0.765451
0.643329
0.823762
0.825777
0.934690
0.787475
0.118387
0.559527
0.274059
0.758663
0.369686
0.538095
0.988865
-0.440186
-0.649679
-0.388213
0.904605
0.005650
-0.327109
0.885833
0.603286
0.678942
-0.649008
-0.425328
0.679566
0.568450
0.609402
0.566098
0.065967
0.838169
0.642822
-0.649307
0.437915
0.418428
0.839440
0.342571
0.083447
-0.237458
-0.771042
0.617094
0.875617
0.373231
-0.036192
0.863680
0.443987
-0.008752
0.928150
0.304058
0.356005
-0.702878
0.111645
-0.454861
0.687397
0.135180
-0.263869
0.282755
0.882763
0.727135
0.969362
-0.199379
0.534084
0.604755
-0.165391
-0.444860
-0.291474
0.977333
0.413480
0.243245
-0.308455
0.416904
0.985490
0.962341
0.917134
-0.069388
0.822982
0.322938
0.303689
0.743241
0.801562
0.825035
0.751360
-0.362152
0.874020
0.377695
0.254356
0.974895
0.826497
0.045686
0.697652
0.792655
0.262874
0.094687
0.330713
0.462109
0.182518
0.461033
0.430059
0.787681
0.863033
0.544476
0.081745
0.847362
0.494252
-0.094261
-0.570511
0.238889
0.550935
0.340150
-0.293510
0.276940
0.046208
0.849323
0.382644
-0.251690
0.137451
0.811040
-0.332928
-0.242338
-0.464976
0.785662
0.905645
0.331619
-0.456060
0.177425
0.921790
0.259413
0.821582
0.314639
-0.145762
0.668760
0.972843
0.323827
0.479007
0.456742
0.551681
0.510828
0.856947
-0.134608
0.963875
0.949216
0.490416
-0.030235
0.793932
0.977080
0.170715
-0.337215
0.785498
0.299274
-0.048887
0.833213
-0.089193
-0.296759
0.050161
0.011870
0.322125
-0.122133
0.560770
0.015632
0.528932
0.731795
0.903474
0.492380
-0.168804
0.341483
-0.531931
0.713390
0.964754
0.888806
0.874082
0.927919
0.834702
0.311137
-0.206900
0.605646
0.274440
0.361983
0.697391
-0.127358
0.826317
0.897582
0.986391
0.995651
0.986829
0.022094
0.002581
0.301322
0.291923
0.803861
0.596310
0.946359
0.497572
0.470920
0.417678
0.665012
0.934941
0.460142
0.298604
0.898394
0.298434
0.083734
0.821977
0.009218
0.645955
0.945698
0.845740
-0.544422
0.277747
0.509573
-0.060813
-0.035479
0.367028
-0.092906
-0.045305
0.346996
0.310900
0.328426
0.816896
0.784471
-0.009990
0.353989
0.723567
0.743488
0.943346
-0.034059
0.339118
0.876171
0.698991
0.809339
0.766872
-0.298234
-0.390561
0.560010
0.176735
0.718605
0.488161
-0.134579
0.750668
0.905997
0.691469
0.939629
-0.276602
-0.185220
-0.253016
0.143882
0.524496
0.460502
0.697587
0.266900
0.134705
0.916094
0.798331
-0.654321
0.645396
0.734549
-0.007839
-0.362269
0.588270
0.918359
0.883102
0.273736
-0.712872
0.946264
0.958973
0.187740
0.654951
0.431027
0.416186
0.335985
0.291659
-0.099708
0.239899
0.432602
0.158470
0.397942
0.778524
0.860609
0.965702
0.425191
0.018531
0.069149
0.300604
-0.602717
0.092546
-0.463218
0.755861
0.420016
-0.221578
0.257898
0.298349
0.997659
0.734117
0.308213
0.943854
0.686072
0.711152
0.585507
-0.085803
-0.060424
-0.604699
0.529505
0.245273
0.270079
-0.477835
0.644893
0.832928
0.823443
0.468888
0.795181
0.153401
0.734834
-0.477207
0.682691
0.756142
0.167990
0.733919
0.468054
0.783601
0.858423
0.877830
-0.094984
0.855890
0.589783
0.538208
0.794875
0.156719
0.122388
0.310110
0.419800
0.408550
0.338530
-0.523219
0.824429
0.789216
-0.348697
0.421737
0.598266
0.900535
0.988222
0.326251
-0.042829
0.721088
0.387695
0.887398
0.425548
0.758536
0.601016
0.990272
0.504491
0.416068
0.867416
0.706002
0.195340
0.415392
0.114147
-0.231651
0.772947
0.525424
0.469802
0.059806
-0.588173
0.932132
0.120846
0.846909
0.712302
0.247745
0.187637
0.207723
0.071503
0.166623
0.737926
0.381057
-0.546558
-0.052429
0.205182
0.464185
0.950413
0.949940
0.450500
0.436151
0.342022
0.254615
-0.038746
0.741481
0.835727
0.416044
0.861721
0.583137
-0.555497
0.268576
0.853118
-0.449897
0.153047
-0.197556
0.896448
-0.651154
0.432443
-0.009164
0.228772
0.734991
0.475274
-0.329010
-0.068584
0.512517
0.108296
0.468871
-0.433973
0.009514
0.397926
0.519226
0.702597
0.881825
0.915206
0.906903
0.602631
0.742288
0.276252
0.422344
0.231443
0.317400
0.850160
-0.042926
0.388056
-0.157991
0.193772
0.227970
-0.126441
0.809485
0.523043
0.454645
0.508179
-0.370503
0.559240
0.722296
0.598491
0.859910
0.040756
0.660563
-0.353421
0.689015
0.009692
0.783874
0.545007
-0.189783
0.677787
-0.050321
0.878253
-0.413142
0.658341
0.008400
0.400700
0.470699
0.334292
0.915913
0.646158
0.734643
0.077320
0.816870
0.507773
0.812556
0.179923
-0.324932
0.883839
0.901310
0.811568
0.447248
0.752694
-0.474066
-0.109376
0.831572
0.737362
0.290740
0.590644
0.172971
0.473403
0.145338
0.454367
0.297753
0.241671
-0.101502
0.589108
0.816147
0.673390
-0.592675
0.722348
0.217566
0.757606
0.980856
-0.142301
0.154342
0.791246
0.405364
0.288456
0.659255
0.255453
-0.050744
-0.112022
-0.237339
0.038128
0.201605
0.943859
0.974227
0.707560
0.517980
0.125909
0.021530
0.847589
0.784905
0.597031
-0.040762
0.952888
0.014560
-0.700441
0.615922
0.055670
0.730823
0.969282
-0.822192
0.708406
-0.225762
0.155227
0.454281
0.557013
0.674772
-0.099830
0.945261
0.876695
0.208389
-0.426035
-0.256066
0.648073
0.996290
-0.340317
0.268160
0.512973
0.256129
0.573609
0.298401
-0.157357
-0.011311
0.560656
-0.292993
0.360590
0.570086
0.722454
0.667740
0.196992
0.686249
0.668329
-0.511547
0.812693
0.976598
0.500732
0.300549
0.646341
0.700353
0.210780
0.491247
-0.512883
0.296790
0.621569
0.688437
0.290825
0.711353
-0.397288
0.933401
-0.351796
0.647643
0.188326
0.009017
0.871793
0.907432
0.179427
0.154925
0.447533
-0.501210
0.975941
0.823226
0.728267
0.638972
0.859768
0.504272
0.609851
0.301956
0.933031
0.125468
-0.287335
0.089965
0.814282
-0.188602
0.638763
0.380637
0.829202
-0.520461
-0.117916
0.892500
0.966050
0.041242
0.512915
0.126966
0.393901
0.333684
-0.060498
0.770607
0.708740
0.674343
0.810511
0.680151
0.454634
0.501597
0.217188
0.247649
-0.351163
0.964161
0.747242
-0.728940
0.056199
0.847514
0.099565
-0.428917
0.976154
0.921402
0.454673
0.802916
0.954266
0.651345
0.681776
0.919446
0.901391
0.036573
-0.034358
0.242568
0.634758
0.291230
-0.214200
0.251980
-0.387523
0.932366
-0.469220
0.538265
0.407740
0.287195
0.925713
0.507450
0.228225
0.660696
0.514146
0.564461
0.469990
0.817851
0.629415
0.436467
0.730302
-0.160425
0.133732
0.676587
0.806933
0.976062
0.578087
0.696174
-0.014059
0.799950
-0.434307
0.859226
-0.070901
-0.084721
-0.003433
0.061470
-0.264119
0.083015
0.816388
0.542343
0.626937
0.733590
-0.243863
0.984466
0.320311
0.647458
0.544133
0.920124
0.416116
-0.004426
0.319160
-0.023627
0.247075
0.683959
0.891126
-0.120871
0.655051
0.434319
0.864337
0.876905
0.125955
0.917091
0.725269
0.404740
-0.311499
0.943541
0.706677
-0.048179
-0.033563
0.483696
0.762086
0.842850
0.081654
0.876517
0.825873
0.651807
0.492263
0.303948
0.552438
-0.796271
0.586426
0.981851
-0.020851
0.963348
0.662059
-0.300885
-0.218224
0.213967
0.551388
0.981231
-0.016409
0.863494
0.897440
0.937397
0.194083
0.982226
0.878913
-0.528384
-0.089630
-0.360860
0.524998
0.937278
0.915624
0.816609
0.809174
0.732324
0.419621
0.215156
-0.202055
-0.439696
0.217320
0.730552
-0.528145
0.507455
0.687551
0.698707
0.618764
0.816781
-0.503276
-0.010972
0.795942
0.057366
-0.376454
0.679891
-0.076887
0.301224
0.658386
-0.436083
0.348752
0.844242
-0.203226
0.980204
0.775574
-0.504173
0.794627
0.554893
0.772505
0.097450
0.918915
0.901511
0.187125
0.070682
0.614227
0.239649
0.795933
0.193409
-0.432619
0.352369
-0.179243
-0.301402
0.621930
0.931837
0.215801
0.700044
0.596874
0.472496
-0.289657
0.124681
0.539501
0.478099
-0.214902
0.687490
0.450471
0.899584
0.728802
0.138259
0.420148
0.455369
0.525126
0.299348
0.312150
0.878259
0.628587
-0.556382
0.018690
0.364323
0.237405
0.118686
0.864955
0.433164
0.268580
0.448565
0.333168
0.701110
-0.030453
-0.558192
0.008647
0.148520
0.171062
0.788924
0.817464
0.358005
0.426290
0.175607
0.198595
-0.011010
0.580334
0.803048
0.707345
-0.128074
-0.052744
-0.248927
-0.543149
0.835046
-0.176064
0.075382
0.095779
0.434846
0.495727
-0.203560
0.971933
0.905903
0.605584
0.288990
0.587776
0.825761
0.329004
0.830109
-0.226614
0.715707
0.594663
0.934409
-0.146667
-0.299663
0.052862
0.418317
0.159031
0.847023
0.110185
-0.659252
0.998784
0.404015
-0.215568
-0.550277
0.146072
0.081643
0.126561
0.529623
0.742889
0.818545
0.678416
0.710246
0.713667
0.167690
-0.286490
0.195401
-0.196592
0.461658
-0.144231
0.059148
0.018359
0.762807
-0.081644
0.273427
0.858092
0.341560
0.850355
-0.130587
0.088162
-0.220731
-0.102389
0.085780
0.558078
0.136530
0.136428
0.880553
0.512974
0.544134
0.365315
0.137903
0.293322
-0.218928
-0.772416
-0.268772
0.353010
-0.279177
0.351406
0.524239
0.585138
0.548789
0.803413
0.832880
0.216788
0.978052
-0.028043
-0.051980
0.307345
-0.459380
0.230473
0.645794
-0.103806
0.469648
0.919945
0.748749
0.803502
-0.022024
0.609078
0.232466
0.776907
-0.408822
0.621551
-0.117192
-0.074241
0.624411
0.091266
0.587059
0.735380
0.682149
-0.116614
0.223957
0.091112
0.963466
-0.096693
0.578613
0.941074
0.270992
0.791689
0.211126
0.341143
-0.182127
0.989739
0.561126
0.634084
0.909221
0.211908
0.381149
-0.248436
0.960417
0.795380
0.888759
-0.616184
0.355011
-0.469400
-0.036105
-0.387190
0.169761
0.806865
0.805103
0.996160
0.966617
-0.160216
0.083599
0.929404
0.177462
0.862255
0.868079
0.676680
0.634930
-0.038377
-0.270745
0.782952
-0.061802
0.679880
0.353496
-0.304055
-0.604564
0.877738
-0.031586
0.978858
0.656762
-0.324721
0.995529
-0.294248
-0.195506
-0.046218
-0.120785
0.367330
0.996482
0.963308
0.361510
0.963035
-0.264035
0.685402
0.890953
0.338159
0.516634
0.750148
-0.276827
-0.040167
0.949273
-0.029025
0.977736
-0.187919
0.891443
0.319134
0.014123
0.910600
0.115321
0.346239
0.888380
0.945062
0.461166
0.883623
-0.513222
0.620462
-0.365272
-0.041944
-0.368241
-0.378571
-0.128881
0.458189
-0.548756
0.085142
-0.042670
0.919149
0.667953
0.742713
0.656071
0.776819
0.941840
0.593427
0.977281
0.918850
0.742823
0.867300
0.186681
0.967352
0.770662
0.572590
0.295335
0.642148
0.500559
0.896990
0.495491
0.545069
0.488868
0.584271
0.767578
0.577032
0.663636
0.925753
-0.271827
0.695944
-0.070464
0.148810
0.598386
0.861508
-0.498853
0.123354
0.617620
0.978506
0.896645
0.588937
0.896365
0.621692
0.414274
-0.010510
0.580523
0.048026
0.807244
0.988486
0.897008
0.222599
0.884797
0.350464
0.915642
0.325165
-0.550054
0.670501
-0.733480
0.695682
0.579411
-0.257487
0.315678
0.783397
0.316774
-0.626436
0.624901
0.372111
0.151669
0.104354
0.339461
-0.053387
0.882320
0.171757
0.828684
0.235638
0.478373
0.351486
0.564905
0.194607
0.333756
0.427692
0.653294
0.145214
0.909236
0.548387
0.695960
0.936919
0.071537
0.701464
0.619724
0.856332
0.815045
-0.518768
0.618899
-0.004288
-0.444668
0.106311
0.641941
0.235031
0.507119
-0.371912
0.501901
0.342303
0.282931
0.256922
0.768564
0.901893
0.789717
0.246250
0.010440
-0.030269
0.839541
0.887479
0.445325
0.739725
0.396187
-0.043295
0.665954
0.705756
0.903783
0.169370
0.532144
0.707550
0.225690
-0.043042
0.927570
0.303783
0.407286
0.551314
0.739892
-0.714085
0.634602
0.117745
0.351660
-0.568352
0.626337
-0.046185
0.926571
0.353157
0.515205
-0.159427
0.611582
0.289191
-0.564012
-0.217823
-0.210086
0.431537
0.180827
0.800048
-0.046505
-0.002408
-0.261738
0.754119
0.928474
0.381286
0.950694
0.853031
0.843453
0.333838
0.351270
0.554945
0.343260
-0.365342
0.861725
0.849549
-0.284041
0.449311
-0.502086
-0.602602
0.926877
0.562046
-0.112310
0.518069
0.970243
-0.054462
0.661885
-0.300407
0.663919
0.985581
0.893076
0.869104
-0.034051
0.993607
0.601432
-0.210226
0.371699
0.538187
0.973478
0.119858
0.980437
0.310193
0.862928
0.312837
0.411899
0.712682
0.056239
0.537740
-0.005841
0.125046
0.562016
-0.178935
0.871720
0.748237
0.678765
0.839725
0.940296
0.246892
0.930700
0.590490
0.222529
0.819382
0.418478
0.503513
0.812301
-0.299934
0.651976
0.064762
0.647590
0.619247
0.489263
0.623401
-0.540148
0.293230
-0.512707
0.452501
-0.271564
0.121205
-0.390648
0.179054
0.532284
0.638701
0.384164
0.355796
0.312020
-0.182921
0.093195
0.214916
0.439303
-0.049893
0.947232
0.833076
-0.713368
0.340512
0.265494
0.819112
0.466264
-0.547674
-0.393535
-0.102227
0.652727
0.568891
0.807355
0.687040
0.978106
0.843997
-0.048735
-0.344475
-0.220857
0.078963
0.301502
0.673501
0.910311
0.843995
-0.249438
0.164001
0.974980
0.273755
0.626525
0.403267
0.535282
0.559991
0.141814
0.543434
-0.793111
0.648695
0.293295
0.468186
0.681537
0.385469
0.670849
0.238169
-0.489243
0.430124
-0.481184
-0.620186
0.193177
0.036888
-0.289889
0.373688
0.440414
0.435456
-0.214667
0.308705
0.199693
0.030322
0.695768
0.155225
0.583437
0.222360
0.762549
-0.103169
0.927336
-0.435887
0.736153
0.928764
0.708264
-0.211584
0.366556
0.313415
0.545778
-0.234799
0.749062
0.594886
0.575200
0.794001
0.615220
0.922019
-0.569716
0.722921
0.252823
0.473328
-0.008064
0.428114
0.914948
0.501579
0.707683
0.593072
0.840269
0.180467
0.953746
0.576740
0.428462
0.879156
0.639163
0.005864
0.802765
0.257222
0.223606
0.040460
0.762143
0.916819
0.238051
0.467117
0.487000
0.948948
0.158975
-0.129761
0.868672
0.200621
0.884767
0.016391
0.845615
-0.301370
0.699795
0.752464
0.613146
0.336517
0.259224
0.405668
0.727547
0.180692
-0.401609
-0.010065
-0.054290
0.708841
0.355237
0.989258
-0.357146
0.770112
0.018119
0.839471
0.674557
0.547882
0.231120
-0.016592
0.479771
0.634863
0.257525
0.290752
0.974741
0.053401
0.588348
0.818041
0.212436
0.175435
0.538770
0.964015
0.724249
0.933322
0.352233
0.393433
0.056504
0.437357
0.656240
0.362225
-0.031475
-0.295158
0.345837
0.110928
0.866472
0.633541
-0.249130
0.509767
0.008797
0.392168
0.750355
0.738595
-0.272014
-0.239667
-0.210100
-0.357048
0.245951
0.728979
0.892940
0.682466
-0.484488
0.393042
0.638900
0.769098
0.291885
-0.350297
0.015685
0.613902
0.535277
0.892653
-0.401586
0.764458
0.982632
0.431389
-0.505710
0.847749
-0.195784
-0.152112
0.294839
0.235488
0.580105
-0.174910
-0.313481
0.696935
0.066133
-0.008944
0.777367
0.584422
0.944191
0.654700
0.143547
0.983711
-0.221765
0.945639
0.750482
0.458561
-0.610107
0.974823
-0.186350
0.558232
0.865915
-0.043353
0.231557
0.847187
0.669711
0.288830
0.679946
0.809166
0.491168
-0.361379
-0.133179
-0.194838
-0.010816
0.051236
0.834530
0.398444
0.388784
0.586733
-0.397417
0.304145
0.103865
0.246556
0.277980
0.297820
0.152703
-0.203332
0.896669
0.184066
-0.278064
-0.572373
0.902953
0.962630
0.007108
0.056856
0.806403
0.900072
0.611733
0.439680
0.697075
-0.129098
0.533409
0.859894
0.130185
0.773526
-0.285008
-0.232199
0.030956
0.516326
0.718550
0.145512
0.944548
0.991304
0.637091
0.185056
0.283819
0.949255
0.376010
0.107106
0.090934
0.507697
0.150112
-0.115889
0.456474
0.473154
0.322713
0.165336
0.329940
-0.529044
0.797327
-0.240855
-0.056148
0.248822
0.969249
0.417297
-0.196423
-0.393211
0.564824
0.252781
0.594583
0.171208
0.641703
0.523024
0.155471
0.158779
0.875334
0.671464
0.063112
0.179315
0.953034
0.467228
0.859653
0.060985
0.663276
0.249653
0.762169
-0.347466
0.652769
-0.092205
-0.248113
0.395433
0.128226
0.152112
0.816912
0.069197
0.771569
0.944823
0.181455
0.250559
0.158056
0.930821
0.657425
0.956077
0.428577
0.967666
0.076379
0.241271
0.632049
0.456824
0.656187
0.573114
-0.656586
0.480432
0.845316
0.677380
0.882043
0.582279
0.761802
0.505233
0.775561
0.874740
0.996643
-0.418348
-0.101519
0.813189
0.170370
0.940786
0.751647
0.606955
0.148450
-0.438698
0.518252
0.963766
-0.724761
-0.536095
0.930779
0.086722
0.289048
0.544873
0.763669
-0.455926
-0.105040
0.776910
0.541163
-0.709454
0.398543
0.380472
0.590580
0.009471
0.986547
0.289071
-0.305497
0.983166
0.372390
0.081411
0.794460
0.748283
-0.041417
0.509448
0.271245
0.440761
0.573957
0.924958
0.388460
0.580744
0.954870
0.282927
0.865752
0.214587
0.952961
0.608032
0.289394
-0.229198
0.312887
0.954182
-0.210518
0.862275
0.310748
0.730843
-0.345569
0.289288
-0.232386
-0.101691
0.261883
0.524609
0.350732
-0.126538
0.162325
0.603301
0.695148
0.666674
-0.246532
0.148091
0.574353
0.532622
0.900237
0.515373
0.943477
0.757755
0.887274
0.894927
0.286034
0.096670
-0.712987
0.781767
0.004470
-0.193163
0.623987
0.597180
0.866393
0.711896
0.997753
0.978251
0.886812
0.258160
0.495278
0.168721
0.479049
0.839492
0.930554
0.008036
0.466566
-0.507002
0.472227
-0.259709
0.577671
0.329146
0.642145
0.503813
-0.102789
0.500175
0.356777
0.515394
0.804752
0.366159
0.202258
-0.608983
0.537420
0.966840
0.619372
0.354116
0.672533
0.616547
0.320574
0.533074
0.994024
0.939285
0.873599
0.470743
0.772837
0.798884
0.730616
0.123572
0.836899
0.060120
0.294034
0.359539
0.645438
-0.495772
0.971474
0.826744
0.549149
0.312770
0.270436
0.279384
0.838649
0.693147
0.307607
0.314379
0.653298
-0.549052
0.831086
0.226304
0.649799
0.031654
0.908436
0.642434
-0.102663
0.774991
-0.104607
0.941452
0.542066
0.902426
0.008086
0.317382
-0.156950
0.585948
0.837073
0.803049
0.632118
0.805767
0.606784
0.008407
-0.028171
0.993725
0.574468
-0.512492
0.685631
0.991493
0.365852
0.244683
-0.603973
0.090724
0.691248
0.672072
0.445356
0.580249
0.210478
0.650855
0.275192
0.452005
0.578209
0.945906
0.309752
0.821626
0.230062
0.506508
0.348134
-0.078941
0.223641
-0.380657
0.981332
0.965519
0.133593
-0.070655
0.959125
0.886797
0.003942
0.636219
0.877738
0.641538
-0.785104
0.897132
0.918988
0.693281
0.545482
0.327223
0.154156
0.908594
-0.374336
0.664148
0.319012
0.659247
0.597683
0.802772
0.434916
0.962050
0.223217
0.912915
-0.173815
0.674132
0.977631
-0.225913
0.632163
0.091158
0.154382
0.580925
-0.154565
0.474340
0.065608
-0.613197
-0.100069
0.069004
0.914988
-0.327034
0.951631
0.430983
0.442868
0.062672
0.295583
0.531783
0.923413
0.792823
0.027186
0.498680
0.567340
0.711504
0.446297
0.933702
0.607451
0.617190
0.593088
0.579012
0.748995
0.077971
0.866751
-0.457996
0.861108
-0.706333
0.534732
-0.259087
-0.567503
0.729988
0.248197
0.939627
0.818180
0.165101
0.342480
0.167146
0.521109
0.809663
0.871624
0.416201
0.575357
-0.287496
-0.715160
-0.060099
0.813856
0.454794
-0.228682
0.363171
-0.186512
0.725781
-0.525828
0.885704
0.984141
0.899595
0.932324
0.843960
0.906685
0.443199
0.948102
0.931438
0.016500
0.158863
0.868679
-0.502116
0.587239
0.127657
0.228988
-0.122088
-0.306901
-0.008043
0.615889
0.679603
0.168255
0.623418
0.876625
-0.226400
-0.173009
0.989132
0.519157
0.103983
0.713026
0.560036
-0.140031
0.694250
0.425843
-0.338082
0.503779
0.286907
0.545228
0.432172
0.172219
0.797938
0.787423
-0.088370
0.837008
0.301716
0.395231
-0.080579
0.518037
0.513173
0.296624
-0.072877
0.033237
0.689528
0.820956
-0.263548
0.815483
0.957341
-0.298157
0.258227
0.019083
0.811652
0.949352
0.278184
0.463220
0.351515
0.393665
-0.465990
0.810212
-0.557720
0.492069
-0.229555
0.826034
0.180871
0.138330
0.644367
0.701729
0.745719
0.835914
0.077927
0.142707
0.009169
0.366354
0.484788
0.918339
0.073286
0.612618
0.724368
-0.014675
0.717516
-0.308846
0.361505
0.490459
-0.514495
0.811520
-0.514429
0.400923
0.092421
-0.333998
0.099674
0.140437
0.592159
0.290027
-0.238792
0.928511
0.664816
0.769010
0.615908
0.341847
0.578903
0.890492
0.707107
0.822781
0.193167
0.037841
0.732082
0.549110
0.866486
0.399317
0.784954
0.557729
0.516127
0.000066
-0.246125
0.559837
-0.581151
-0.153851
-0.472310
0.133530
0.022389
0.176436
0.551888
0.840972
0.690071
0.683992
0.762512
0.266503
0.396390
0.302736
0.789183
-0.420623
0.118404
0.450137
0.880227
0.579438
0.730083
0.590421
-0.085422
0.571695
-0.376864
0.959743
-0.084050
0.599758
-0.090555
0.131302
-0.029941
-0.040270
0.358939
0.057673
0.429947
0.646649
0.526234
-0.411159
0.445409
0.070658
0.749029
0.077154
0.603112
-0.017735
0.635284
0.323866
0.091611
0.928732
0.907709
-0.170305
0.486161
0.621119
0.747604
0.694807
0.026238
0.819781
0.646440
0.319846
0.362087
0.833182
0.682920
0.619142
-0.572541
-0.220266
0.882444
0.462496
0.778296
0.364161
0.537841
0.104169
0.679629
0.181306
0.486505
0.165983
0.481198
-0.091016
0.708498
0.786338
-0.283433
0.597927
0.926409
0.605900
0.067941
0.661893
0.192471
0.425088
0.435629
0.979509
0.886486
0.922983
0.810652
0.544083
0.521117
0.835930
0.684470
0.358367
0.219956
0.408977
0.869066
0.908306
0.735586
0.518696
0.007405
0.089007
0.860422
0.739035
0.363351
0.540251
0.484663
0.493957
-0.067176
0.380990
-0.135667
0.362422
-0.228220
0.419460
0.915561
0.583032
0.389518
0.796286
0.482382
0.085433
0.260658
-0.356775
-0.300987
-0.429697
0.459631
0.357683
0.481203
0.267857
0.212640
0.081480
0.923154
0.521370
0.478719
0.777055
0.143288
0.955418
0.227149
0.819573
0.432092
0.487388
0.089975
0.622956
0.961201
0.282680
-0.244167
0.874880
0.982556
0.534618
0.654479
0.458130
0.826689
-0.552938
0.552282
0.918145
-0.329529
-0.331258
0.228757
0.583690
0.387185
0.670313
0.865341
0.269552
0.029915
0.284520
-0.154230
0.483016
0.210673
0.437938
0.219735
0.819951
-0.645927
0.580071
0.389915
0.974257
0.980236
0.534974
0.847256
0.962604
-0.201335
0.462548
0.404872
0.952114
0.498665
-0.487191
0.867998
0.599930
-0.211205
-0.015715
0.010433
0.547475
0.889437
-0.333871
0.946574
-0.232073
0.401182
-0.309390
0.624098
0.796274
0.551352
0.977165
0.591245
0.568147
0.550476
-0.399186
0.534481
0.524331
0.610347
0.323320
0.473709
0.752637
0.916572
0.980049
0.697185
0.382130
-0.602977
0.536948
-0.392902
-0.160754
0.774004
0.129496
0.713191
0.647001
0.262322
0.649680
0.774025
0.830170
0.748274
0.328962
0.603058
0.198209
0.292966
0.028033
0.919334
0.963649
0.142102
0.425019
0.475136
0.921179
0.888787
-0.534004
0.661090
0.799793
-0.676701
0.271261
0.056173
-0.542468
0.939455
0.169986
-0.090520
0.704764
0.570208
0.892870
0.262840
0.959878
0.515623
-0.172135
0.785926
0.150121
0.515315
0.319263
0.604856
0.936571
0.618101
0.501046
0.898913
0.927589
-0.637782
0.330450
0.845434
0.903404
0.375350
0.467773
0.690814
0.389515
0.886255
0.942946
0.430240
0.821630
0.063227
0.644003
0.488008
0.844090
0.509392
0.896298
0.800215
-0.302302
-0.542774
0.556355
0.295526
0.552359
0.984925
-0.695677
0.467789
0.599098
0.511461
0.322208
0.505664
0.530039
0.819665
0.286536
0.397988
0.082767
0.896203
-0.131978
0.707147
0.775274
-0.292554
-0.045888
0.569217
0.225424
0.851865
-0.225317
-0.070208
0.300466
-0.683606
0.980054
0.429082
-0.495347
0.530079
0.873099
0.599696
0.509860
0.881296
-0.199224
-0.119719
0.345760
0.496025
0.695061
0.982042
0.236002
-0.334539
0.371314
0.587607
0.974272
0.572163
0.185436
0.745960
0.681875
0.466916
0.218458
-0.543566
0.250057
0.393079
-0.007772
0.747829
0.406045
-0.052090
0.028051
0.458626
0.749518
-0.281749
-0.217767
0.144260
0.976034
0.063391
0.389478
0.308504
0.782382
-0.137586
0.279746
-0.195892
0.035155
0.819770
0.734195
-0.019449
0.328993
-0.437946
0.954264
-0.281889
0.533619
0.137674
-0.199284
0.923575
0.743627
0.220231
0.658806
-0.013588
0.490797
0.901094
0.708685
0.118131
0.994823
0.836484
0.543816
0.970789
-0.337200
-0.582323
0.261498
0.864781
-0.084690
0.740925
0.989585
0.326149
0.527551
0.722035
0.595618
0.969206
0.778414
0.536747
-0.389549
0.220659
0.858309
-0.047066
0.083362
0.576955
0.493814
0.929692
0.809432
-0.411051
0.826680
0.477369
0.217765
0.820971
0.238960
0.911700
0.788601
0.358530
0.933998
-0.140404
0.140430
-0.259211
0.896719
0.120972
0.471228
0.385840
-0.754559
-0.201293
0.339441
0.782099
0.685825
0.429787
-0.222183
0.512173
0.666372
0.280559
-0.159701
-0.020531
0.162117
0.951808
0.093630
-0.202884
0.409561
0.581012
0.946225
0.821051
0.465177
0.727702
0.063166
0.370929
0.884674
0.503211
0.511295
0.774141
0.821326
-0.416444
0.014240
0.824918
-0.064062
0.626087
0.580861
0.880323
-0.215841
0.717209
0.345165
0.798177
-0.284243
0.535572
-0.839521
0.314814
0.470723
0.093960
0.487786
0.981117
0.869966
0.412625
0.800140
0.275707
-0.033925
-0.470367
0.816745
-0.341845
0.558907
0.250428
0.855517
0.315228
0.337140
-0.360161
0.012752
0.579391
0.709142
0.826312
0.421145
0.837639
0.508199
0.900836
0.613817
0.625853
0.400515
0.614031
-0.496102
0.974884
0.897578
0.537106
0.955741
0.759364
-0.519041
0.750414
-0.185738
0.035104
0.797848
0.948642
0.175972
0.281429
0.162242
-0.113015
0.780229
0.716117
0.040598
0.999614
0.187569
0.950925
0.825887
0.796811
0.783738
0.260389
0.684697
0.329557
-0.762608
-0.140630
-0.496248
-0.482233
-0.208012
0.935677
0.588337
-0.346886
0.685086
0.628878
0.831381
0.827277
0.878968
0.606235
0.770503
-0.060795
-0.854569
-0.363328
0.235873
0.780260
0.793711
0.560356
0.779823
-0.247873
0.495511
0.579403
0.907603
0.179526
0.965930
0.572165
0.721683
0.968773
0.744281
0.763902
-0.689240
0.873121
0.689841
0.598889
0.948618
0.293454
0.081742
0.774723
-0.012061
-0.187194
0.307582
0.979436
0.186607
0.307626
-0.446248
0.657293
-0.088090
0.845681
0.068108
0.953964
0.953498
0.784621
0.519448
0.858609
-0.287168
0.473196
0.383205
0.823530
0.429318
-0.046796
0.558451
0.441155
-0.404411
0.117563
-0.256242
-0.713495
0.653891
0.260441
0.781678
0.876870
0.448663
-0.085158
0.854835
0.817597
0.543134
0.905010
0.427382
0.743118
0.741591
0.728900
0.689491
0.687366
0.470482
0.059560
0.514283
0.590024
0.761393
0.995086
0.355641
0.052657
-0.058061
-0.671201
0.731156
0.064013
0.136434
0.843206
0.076236
0.954184
-0.024599
-0.520044
0.827724
0.694354
-0.012377
0.666309
0.470839
0.781024
0.549074
0.993548
0.483030
0.184974
0.721345
0.004073
-0.681459
0.041465
0.403758
0.526400
0.849158
0.016235
0.519806
0.109687
0.407131
0.737636
0.128708
-0.035731
0.987310
0.545650
-0.508325
0.050830
0.484491
0.047853
0.113545
0.234165
0.941776
0.432751
-0.592023
0.388262
0.091685
0.575124
0.378639
0.787874
0.917113
-0.100298
-0.771842
0.926507
0.320800
0.407150
0.426219
0.065680
0.682429
-0.538832
0.482518
-0.133920
0.770430
0.809161
0.240378
0.755944
0.281505
0.296411
0.996653
0.905625
0.612084
0.107149
0.065055
0.537848
0.756357
0.104207
-0.619938
-0.609046
0.870761
0.402495
0.807527
0.781379
0.615184
0.810102
0.697635
-0.520712
0.107642
-0.070820
0.127225
0.962595
-0.006553
0.808281
-0.235465
0.981924
0.592547
0.406953
0.735113
0.989296
0.857284
0.731210
0.894347
0.427202
-0.745230
-0.170744
-0.465933
0.760751
0.327072
-0.396820
0.780728
0.112559
0.486103
0.558911
-0.431709
-0.131487
0.299138
0.756518
-0.054817
0.651850
0.940445
0.415842
0.605615
-0.145079
0.115882
0.734590
-0.193308
0.891734
-0.029410
0.870273
0.880366
-0.433637
0.577504
0.766984
0.497211
0.582441
0.908413
0.554381
0.257439
0.177960
0.629514
-0.165051
0.564332
-0.102977
0.721534
0.628481
0.192557
-0.237378
0.310385
0.467090
0.776465
0.213384
0.982839
0.309241
0.431480
0.082841
-0.187396
0.595031
-0.153518
0.210670
0.425198
-0.592844
0.293838
-0.348311
0.789471
0.923304
0.671804
0.685495
0.451979
-0.486671
-0.750264
-0.165275
-0.069468
0.568904
0.169412
0.909699
0.034017
0.614197
-0.609948
0.614649
-0.169231
0.796114
0.965788
-0.216650
-0.052713
0.381760
0.283242
0.192671
-0.409350
0.485676
0.643415
0.503201
0.512763
-0.491224
0.597416
0.210741
0.961887
0.145999
-0.577405
0.397424
0.214372
-0.555463
0.578254
0.475730
0.601870
0.910533
0.346967
0.855322
0.499661
0.373451
0.427523
0.666679
0.037634
0.377645
0.798145
0.349176
0.895139
-0.086428
0.745108
0.953087
0.693883
0.313766
0.438525
0.056966
0.371522
-0.265493
0.551633
0.313246
0.310260
0.580471
0.861702
0.730569
0.613179
0.394454
0.065095
0.061496
0.257714
0.662589
-0.282296
0.902004
-0.241398
0.552693
0.545710
0.231969
-0.590327
0.265432
0.771188
0.916394
0.507476
0.473398
0.867217
0.049046
0.918341
0.240208
0.433129
0.244521
0.392217
-0.402934
0.753287
0.855858
0.652442
0.591747
0.559412
0.139657
-0.385561
0.836055
0.501511
0.355694
0.457447
0.620458
0.199956
0.596992
-0.005877
0.902416
0.962641
0.036878
0.095918
0.728473
-0.151942
0.810295
0.058115
-0.690265
-0.460458
-0.120583
0.253888
0.494619
0.470982
0.817866
0.570901
0.096971
0.656564
0.076338
0.880580
0.065473
0.511616
0.945147
-0.334920
-0.332115
0.270112
0.559627
0.713054
0.691336
-0.035163
0.931641
0.572951
-0.122948
-0.114652
0.864340
0.892671
0.169982
0.657824
-0.184386
0.184577
0.710567
0.143520
0.668980
0.058392
0.808771
0.441476
0.842052
-0.366512
-0.127668
-0.297749
0.950283
0.322062
0.623804
0.893880
0.434931
0.716205
0.085716
-0.374173
0.364714
0.958618
0.099003
0.258328
0.518854
0.351394
0.485755
0.329742
0.179392
0.836548
-0.347358
0.381463
-0.144902
0.793335
0.738230
0.829480
-0.512498
0.511084
0.183741
0.878006
0.598496
0.416866
0.967901
0.534585
0.881943
0.583390
0.389690
0.258997
0.193180
0.709066
0.361385
0.757189
0.659807
0.694775
-0.220811
0.007782
-0.206123
0.631390
0.614447
0.369731
0.421932
0.702299
0.889350
0.609577
0.449627
0.608041
0.386950
0.495991
-0.100092
0.768031
0.323322
0.786217
0.046950
0.272276
0.233669
-0.228500
0.976394
0.802591
0.426583
0.150991
0.469275
0.915930
-0.434558
-0.073188
0.593209
-0.090366
0.313300
0.735046
0.819888
-0.550982
-0.086312
0.143340
0.733388
-0.411426
0.921242
0.032087
0.676208
0.266277
0.764920
0.855469
-0.180743
-0.096624
0.621033
0.274980
0.507385
0.982938
0.440516
0.475127
0.783486
0.971314
0.816584
0.144703
0.885867
0.870729
0.418012
0.444068
-0.498393
0.876846
0.026897
0.859248
0.904871
0.318853
-0.149841
0.621288
0.402671
-0.391947
0.870910
-0.155121
0.361096
0.615468
0.996064
0.538988
0.802872
0.616090
0.943381
0.224474
0.594546
0.358263
0.861969
0.305260
0.314061
0.662060
0.680504
0.123657
0.501170
-0.119123
0.775324
0.549429
-0.530422
-0.778239
0.357857
0.936161
0.322004
0.551504
0.540346
0.871516
0.628317
0.363870
-0.662674
-0.360174
-0.392314
-0.702991
0.626895
0.868481
0.624890
0.555478
-0.020246
0.068660
-0.676559
-0.398474
0.631937
0.328976
0.731651
0.207898
0.685032
0.103196
0.441560
0.405826
0.848932
0.483646
0.408762
0.112065
0.393883
0.875967
0.855665
-0.580021
0.737567
0.443599
0.396414
0.750249
0.537500
0.481974
0.758322
-0.019774
0.293029
0.308317
0.787802
0.568269
0.634328
0.798474
0.642197
0.140235
-0.019777
0.293731
0.605102
0.900383
0.644850
-0.240594
0.254516
0.453696
0.621069
0.830677
0.776090
-0.303976
0.693221
0.610000
-0.235861
0.367074
-0.224966
0.544489
-0.059585
0.676529
-0.297059
0.947031
0.892925
0.424688
0.222143
0.665954
-0.376040
0.986857
0.412774
0.719439
0.115632
0.666898
-0.252871
0.902026
0.543917
0.764116
-0.681131
0.934410
0.091383
0.632362
0.758258
-0.505321
0.733916
0.393870
0.653151
0.853141
0.896327
0.782447
0.343472
-0.342870
0.404698
0.470165
-0.586212
0.241422
0.991191
0.257247
-0.565924
-0.410814
0.235264
0.447240
0.783172
0.608707
-0.096677
0.893077
0.482572
0.739676
0.640529
0.495015
0.662949
0.918488
-0.081820
0.356198
0.954336
0.915309
0.888737
0.596688
0.760816
0.778056
0.306469
-0.074217
0.858937
0.862424
0.686650
0.881285
-0.010681
0.676050
0.046407
0.040064
0.741506
0.563584
0.728957
0.483732
-0.008076
0.904356
0.331519
0.731828
0.627437
-0.396167
0.094786
0.176007
0.979007
0.373637
0.739549
0.932809
0.242007
0.608748
0.509922
-0.240217
0.315379
0.941171
0.142679
0.076787
0.798736
0.985016
-0.188132
-0.726039
0.657882
0.270125
0.050623
0.327374
0.959518
0.973101
0.935094
-0.100196
0.875979
0.227587
0.905421
0.469215
0.323823
-0.105209
0.827149
0.290607
0.587976
0.534893
0.178690
0.961503
-0.056746
0.861046
-0.366821
0.565453
0.797305
0.258986
0.847517
0.567841
0.233941
0.976331
0.574533
-0.645329
0.230797
0.840926
0.347385
0.160374
0.811476
0.244940
0.414052
0.672318
0.692331
0.271708
-0.049448
-0.264862
0.502126
-0.641424
0.437033
-0.156635
0.552585
0.803569
-0.265316
0.766694
0.646662
-0.085520
0.244205
0.388043
0.502689
-0.037510
-0.484698
0.889357
-0.092347
0.623846
0.903017
0.475675
0.418975
0.192118
0.822704
0.125388
0.667658
0.138010
0.963592
0.273436
0.650822
-0.136568
0.421817
-0.035302
-0.103113
0.965486
0.225816
0.744235
0.764900
0.379669
0.466844
0.344722
0.603475
0.868109
0.876568
-0.124317
-0.406718
0.917544
-0.480305
0.033216
0.519155
0.944322
0.748624
-0.571896
0.090452
0.539949
0.167769
0.940954
0.861110
0.100460
0.173872
0.476239
0.344298
0.788694
0.711998
0.564164
0.749669
-0.419650
0.209176
0.471217
0.456851
0.845905
0.937333
-0.212850
0.701087
0.809287
0.121732
0.766683
0.716919
0.193971
0.997454
0.104557
0.092502
0.745680
0.147810
0.487525
0.178971
0.581372
0.404864
-0.096226
0.873866
0.775537
0.680819
0.138881
0.530642
0.317456
0.881375
0.172629
0.398446
-0.013304
0.826654
0.963409
-0.447665
0.757303
-0.326389
0.755665
0.533878
0.259043
0.480619
0.125464
0.679171
0.477088
0.520884
0.951815
0.092694
0.851392
0.420263
0.551567
0.383894
0.941641
0.746611
0.186246
0.708875
0.363243
0.588442
0.107927
0.839790
0.432717
0.557275
0.147086
0.687113
0.320872
0.077948
0.742165
-0.116799
0.220812
0.450781
0.721281
0.697698
-0.613246
-0.728264
0.296125
0.500440
0.527582
0.217026
0.802683
0.321180
0.814947
0.279356
0.857290
0.749913
-0.210432
-0.094881
0.402582
0.526657
0.779745
0.732786
0.303226
0.089436
0.182611
0.680524
0.956961
0.717196
0.945343
0.692014
0.885075
0.123976
-0.042064
0.584417
0.984224
-0.004500
0.590822
0.270609
0.748839
-0.103206
0.703424
0.516084
0.544607
0.478103
0.928447
0.349501
0.101209
-0.456871
0.572960
0.728705
0.585188
0.272821
0.405651
0.997066
0.619985
0.781691
0.676982
0.565556
0.452832
0.610404
0.131230
0.284427
0.911071
0.427031
0.984727
0.894498
0.687224
0.571203
0.087451
0.374197
0.760616
0.969846
0.990395
0.207999
0.435904
0.918456
0.755461
0.755332
0.964493
0.237422
0.433889
0.539228
0.719151
0.951910
0.535328
0.246947
0.727019
0.062524
0.946747
0.025436
0.877606
0.027547
0.588845
0.782080
0.705214
0.569199
0.661588
0.316820
-0.064223
0.934216
0.847259
0.947032
0.902940
0.836792
0.113025
0.292457
0.747012
-0.542628
-0.167281
0.705794
0.283510
0.609305
0.115275
-0.273225
0.547976
0.844212
0.394494
0.161023
-0.314242
0.314198
0.493391
0.962484
0.613767
-0.171821
0.739476
0.218527
0.727817
0.329378
0.738211
0.917667
0.223791
0.557629
0.862175
0.047579
0.335710
-0.185786
0.608807
-0.115382
-0.113277
0.765508
0.875383
0.507519
0.298552
-0.149770
0.629554
0.965261
0.987721
-0.280546
0.096423
-0.357392
0.450977
0.799067
-0.519958
-0.201568
0.937566
0.776094
0.405375
0.654236
-0.064132
-0.024881
0.551948
0.486479
0.787048
0.364885
0.765605
-0.032751
0.539852
0.298057
0.254936
0.728211
-0.135000
0.032162
0.106502
0.508465
0.282232
0.917428
0.460906
0.262159
-0.664478
0.772658
0.371077
0.466120
0.539563
0.418254
0.622172
0.455532
0.063233
-0.275843
-0.107693
0.360834
0.160980
0.741510
0.959462
-0.314093
-0.080691
0.719078
0.132937
0.743838
-0.245641
0.634907
0.418908
0.092206
0.882623
0.744908
0.808980
0.079480
0.648479
0.175167
0.605417
0.661664
-0.330716
-0.405073
-0.074923
0.637653
0.498092
0.818896
-0.141544
0.784001
0.918895
0.182192
-0.002706
0.004852
-0.418871
-0.094317
0.164504
0.037192
0.896493
0.568652
0.979415
-0.775818
0.044257
0.388816
0.096322
-0.230491
-0.037039
-0.367063
0.272695
0.860030
0.288096
0.994025
0.487103
0.405752
-0.429948
0.700892
-0.237017
0.565749
0.480092
0.092855
0.269887
0.365165
0.554050
0.560179
0.641503
0.622441
0.755093
0.959542
0.874539
0.634774
0.515609
0.852450
0.637404
0.787998
0.156474
0.918509
0.905496
0.449751
0.986636
0.110057
0.242261
0.266351
0.098577
0.882493
0.836263
0.192129
0.558906
0.948370
0.913789
-0.266376
-0.012043
0.121808
0.502972
0.790544
0.868341
-0.051032
0.349513
0.601606
-0.148595
0.146317
0.095175
0.690298
-0.162103
0.917891
0.428482
0.374818
0.832461
0.288038
0.941991
0.817767
0.644907
0.141474
-0.069179
0.926045
-0.097918
-0.643359
0.055379
0.752263
0.961827
-0.135005
0.859401
-0.099118
0.362337
0.304036
0.959007
0.151143
0.559365
0.285566
0.919100
0.729266
0.666712
-0.073379
0.352525
0.820182
-0.293122
0.911224
0.082990
0.926117
0.138096
-0.036969
0.735491
0.947609
0.438177
0.922315
0.871424
0.647055
0.935966
-0.245384
0.328137
0.896406
0.092368
0.093566
-0.405911
0.691434
0.646648
-0.621233
0.993644
0.049092
0.311044
0.912454
0.972607
-0.364235
-0.310311
0.310130
0.892929
-0.068443
0.163415
-0.150374
-0.261430
0.571468
0.228630
0.845420
0.502755
0.836126
0.760362
0.321449
0.439563
0.686467
0.473384
0.902759
0.560258
0.780415
-0.112988
0.632285
0.420153
0.823258
0.651949
0.410910
-0.409625
-0.411417
0.279130
-0.539622
-0.189489
0.406388
0.354267
-0.603849
0.635183
0.729933
-0.104246
0.751948
0.197524
0.467075
0.570903
0.866833
0.225860
0.241948
0.098650
0.835410
-0.472711
0.784077
0.728152
0.613182
0.530922
0.896609
0.108945
-0.516179
0.708293
0.937566
0.457656
0.772789
0.993686
0.883706
0.804739
-0.207127
0.228679
0.027372
-0.157288
0.991392
0.962484
0.173901
0.742011
0.130194
0.824166
0.214820
-0.149925
-0.113388
0.681259
0.334847
0.994010
0.730173
-0.039920
0.721135
0.253622
0.756404
0.598166
0.618063
0.793439
0.201681
0.538739
0.145714
-0.280392
0.530339
-0.089622
0.904031
0.677539
0.475519
-0.196055
0.832030
0.463515
-0.309203
-0.171544
0.067266
0.274757
0.960867
0.561443
0.480376
-0.216586
0.108314
0.937546
-0.234028
-0.749685
-0.192956
0.841930
0.259517
0.890060
0.390470
0.996052
0.668760
0.782289
0.533489
0.971706
0.882856
-0.213593
-0.160411
0.780066
0.809338
0.649292
0.910773
0.619951
-0.103645
0.995635
0.773780
0.338517
0.267600
0.729101
-0.797929
0.893504
0.855828
0.110600
0.827123
0.967765
0.117354
0.955594
0.806649
0.628033
0.842797
0.079622
0.623098
0.473185
-0.508074
-0.033222
0.433458
0.918867
0.191361
0.612189
0.687479
-0.200962
0.133426
0.579064
0.761553
0.390459
0.573422
0.496258
0.874008
0.965667
0.092010
0.875288
0.857049
-0.233516
-0.156425
0.668134
-0.336297
0.346105
0.613793
0.888179
-0.398686
0.409811
-0.166694
0.694365
0.983071
-0.080879
0.902217
0.409022
-0.300455
0.007166
-0.293352
0.786845
0.231050
0.285372
0.290697
-0.257869
0.837663
0.980045
0.625407
0.698642
0.945334
0.906081
0.547564
0.797689
-0.626099
0.715207
0.414366
-0.284935
-0.168257
-0.277483
0.981561
-0.026739
0.538571
-0.217566
0.905277
0.515996
0.151729
0.801946
-0.637669
0.297828
-0.618278
-0.249908
-0.088844
0.258410
0.439371
0.527010
0.411853
0.194323
0.500158
-0.254061
-0.567328
0.424468
-0.687460
0.578526
0.109147
-0.567486
0.185011
0.742889
-0.213203
0.395018
0.846771
-0.268028
0.648253
0.327437
0.015512
0.529839
0.959433
0.479868
0.251247
0.973503
0.912737
0.278124
-0.335694
-0.331672
0.737603
0.542574
0.625584
-0.016263
0.896521
-0.085815
0.180621
0.921444
0.641479
0.195535
0.475488
0.928873
0.236398
0.837636
0.659813
0.414687
0.139155
0.468027
0.546971
0.950983
0.923400
0.798894
0.463583
0.881054
0.183296
0.870126
0.852722
0.018741
0.051027
0.932341
0.167075
0.980803
0.451608
0.947883
-0.059330
0.300399
-0.220490
0.454875
0.170024
0.773453
0.828028
0.828436
0.692009
-0.089697
0.647764
0.262406
0.631101
0.950575
0.880717
0.003124
0.900185
0.798633
-0.656073
0.319380
0.664098
0.203854
0.102025
0.480534
0.521747
0.466868
0.385061
0.863521
0.439850
0.950380
0.807155
