0.901785
0.894797
0.893727
0.881274
0.928922
0.864899
0.917079
0.880417
0.866926
0.906339
0.884851
0.909477
0.911428
0.891123
0.895043
0.910313
0.885202
0.954467
0.919080
0.884953
0.870499
0.875420
0.892548
0.873456
0.868922
0.956349
0.904709
0.925161
0.889873
0.926835
0.920120
0.941190
0.871856
0.867053
0.867507
0.943811
0.867292
0.921803
0.867874
0.869598
0.877987
0.888641
0.917033
0.933544
0.922932
0.866211
0.888375
0.971672
0.959293
0.973681
0.881517
0.989419
0.872670
0.914745
0.873015
0.877204
0.904219
0.916994
0.951378
0.945353
0.889351
0.906485
0.919720
0.898274
0.909976
0.924610
0.883787
0.913976
0.891380
0.887541
0.921967
0.908514
0.917950
0.886102
0.886924
0.887431
0.887944
0.916749
0.883922
0.880779
0.912688
0.904101
0.880311
0.925698
0.871683
0.889840
0.952209
0.914423
0.973362
0.931823
0.898463
0.886190
0.884272
0.870561
0.929393
0.943594
0.935793
0.986766
0.897132
0.873822
0.886765
0.870884
0.922702
0.964805
0.893567
0.978895
0.882058
0.925375
0.914115
0.904769
0.961702
0.877527
0.864850
0.874333
0.953047
0.871879
0.901961
0.933003
0.926360
0.898406
0.904414
0.874570
0.929584
0.935084
0.880956
0.900282
0.914002
0.864745
0.899408
0.865920
0.873908
0.931991
0.872200
0.940347
0.923424
0.903330
0.936723
0.961807
0.877877
0.893322
0.897396
0.872013
0.910200
0.897640
0.882283
0.898666
0.907388
0.928213
0.878521
0.881679
0.875603
0.925312
0.893150
0.953985
0.901044
0.914720
0.890177
0.868897
0.914847
0.937837
0.870193
0.930468
0.907861
0.878070
0.908386
0.880194
0.923212
0.888657
0.874254
0.950052
0.926097
0.910423
0.976339
0.883700
0.986361
0.879928
0.925981
0.906389
0.964575
0.956178
0.933312
0.870657
0.913405
0.874047
0.976947
0.868505
0.930565
0.887783
0.872865
0.890126
0.871716
0.878767
0.869973
0.918571
0.893940
0.916427
0.948341
0.869061
0.967350
0.987149
0.963610
0.919206
0.909505
0.956593
0.958313
0.908483
0.872323
0.915050
0.869086
0.867500
0.904413
0.942816
0.873626
0.871021
0.971390
0.871541
0.875057
0.924902
0.896180
0.883990
0.866913
0.905555
0.900803
0.872315
0.875298
0.947339
0.929486
0.865021
0.959967
0.922293
0.991711
0.945899
0.887902
0.909127
0.930639
0.880401
0.871030
0.947116
0.943390
0.875678
0.954864
0.888907
0.979742
0.865808
0.896746
0.964944
0.872746
0.910800
0.917122
0.906958
0.944329
0.920847
0.867423
0.886249
0.934785
0.878297
0.874651
0.903952
0.878694
0.868413
0.876454
0.878411
0.956110
0.902461
0.931253
0.917919
0.925824
0.944829
0.902358
0.906690
0.986428
0.892430
0.947724
0.975616
0.893872
0.884267
0.957298
0.904390
0.944908
0.906768
0.866591
0.921678
0.877700
0.869390
0.972467
0.970089
0.883574
0.871662
0.899402
0.900228
0.875622
0.915930
0.919859
0.868105
0.871230
0.894412
0.923724
0.938614
0.880867
0.876097
0.888308
0.880097
0.907222
0.876680
0.877642
0.960563
0.898579
0.870405
0.896576
0.884581
0.915316
0.899109
0.966234
0.938249
0.905542
0.956431
0.931386
0.935490
0.992710
0.878231
0.881189
0.875408
0.940168
0.952852
0.879154
0.957035
0.884364
0.954107
0.925072
0.903830
0.867870
0.865504
0.927131
0.911964
0.877602
0.955665
0.903535
0.916621
0.978909
0.958933
0.955753
0.912729
0.891071
0.944340
0.893091
0.950279
0.929316
0.872967
0.918552
0.928941
0.887530
0.950664
0.952493
0.872605
0.931758
0.870151
0.865555
0.865729
0.974480
0.926693
0.905333
0.865428
0.928254
0.880536
0.913143
0.957418
0.872575
0.870194
0.906377
0.870841
0.985151
0.896448
0.922652
0.890064
0.882437
0.868044
0.879343
0.977602
0.876574
0.946370
0.925494
0.902185
0.927129
0.911637
0.913504
0.900164
0.920294
0.914904
0.901611
0.916308
0.887682
0.981932
0.917549
0.866723
0.879177
0.880240
0.964497
0.888108
0.886526
0.899871
0.895663
0.885559
0.950672
0.870119
0.917132
0.872508
0.873645
0.944236
0.870555
0.886493
0.922632
0.936822
0.935688
0.893717
0.891375
0.892215
0.945708
0.865269
0.976690
0.887626
0.917288
0.885289
0.886183
0.883212
0.887724
0.903891
0.901684
0.882244
0.941341
0.934986
0.925324
0.880304
0.868380
0.910503
0.886508
0.923350
0.922874
0.897382
0.905212
0.933752
0.928595
0.877645
0.908457
0.903903
0.910832
0.956826
0.949634
0.895604
0.958759
0.944501
0.927813
0.907577
0.872568
0.865221
0.937824
0.897389
0.904677
0.883673
0.922027
0.888074
0.866738
0.892035
0.907594
0.870513
0.963251
0.944289
0.934224
0.914566
0.883235
0.884625
0.891891
0.979579
0.900168
0.958140
0.901757
0.866144
0.939865
0.889599
0.897529
0.927082
0.876434
0.874656
0.882275
0.885145
0.875257
0.866865
0.926480
0.920428
0.886241
0.892832
0.976686
0.888715
0.930532
0.904698
0.895906
0.921411
0.889609
0.876866
0.883918
0.913371
0.899214
0.917252
0.910997
0.957474
0.907267
0.867436
0.962448
0.889476
0.893013
0.890865
0.867589
0.908353
0.903532
0.885649
0.942770
0.919060
0.888262
0.906831
0.886496
0.915674
0.956990
0.884127
0.965656
0.918295
0.935243
0.890386
0.886634
0.872017
0.905864
0.910494
0.925378
0.973473
0.878104
0.883853
0.949878
0.928290
0.887094
0.937371
0.868251
0.923331
0.874171
0.871256
0.880512
0.917397
0.893533
0.867514
0.884351
0.925805
0.911021
0.910881
0.887680
0.901171
0.944745
0.882546
0.871770
0.914873
0.913427
0.895219
0.927127
0.872108
0.974022
0.895698
0.869386
0.875367
0.922197
0.964551
0.951419
0.977968
0.928035
0.962552
0.920228
0.948075
0.865921
0.951779
0.902432
0.895134
0.960476
0.932335
0.871540
0.902638
0.888104
0.896067
0.969488
0.875205
0.920743
0.868190
0.932883
0.882626
0.899814
0.900928
0.891292
0.896501
0.951229
0.897229
0.910950
0.908174
0.891287
0.898561
0.905568
0.869626
0.891869
0.876384
0.962880
0.893446
0.867311
0.895609
0.936478
0.970798
0.875598
0.952869
0.898353
0.901608
0.885880
0.893872
0.916699
0.968544
0.898406
0.893024
0.878484
0.954801
0.945747
0.909073
0.887062
0.927048
0.977331
0.951326
0.882723
0.888949
0.887487
0.934002
0.895052
0.922310
0.963653
0.888681
0.868131
0.975267
0.929475
0.944242
0.961732
0.953805
0.926991
0.891388
0.891303
0.993835
0.931122
0.979063
0.967946
0.877258
0.890995
0.874328
0.869200
0.878240
0.924201
0.892539
0.957200
0.920883
0.882029
0.875157
0.983384
0.909112
0.959678
0.893745
0.880433
0.945714
0.926743
0.884371
0.940345
0.898313
0.871629
0.929126
0.888312
0.940892
0.870309
0.922711
0.940571
0.943005
0.919926
0.932478
0.864671
0.864745
0.954866
0.869207
0.878329
0.911781
0.898318
0.871020
0.881501
0.922924
0.882077
0.880341
0.880831
0.875373
0.914603
0.899095
0.987229
0.887487
0.927637
0.938994
0.931561
0.941692
0.906486
0.869011
0.916973
0.914858
0.930602
0.897896
0.897543
0.894038
0.877589
0.897551
0.894140
0.869533
0.903630
0.912281
0.919448
0.963798
0.922445
0.952936
0.914846
0.959938
0.871419
0.943993
0.869093
0.925769
0.884593
0.868471
0.865206
0.984529
0.947981
0.932638
0.939675
0.892991
0.941861
0.897371
0.980395
0.909467
0.948596
0.895684
0.966706
0.867233
0.944664
0.889027
0.872200
0.888873
0.958843
0.932874
0.883125
0.912201
0.918019
0.949055
0.903493
0.929726
0.924289
0.909807
0.897782
0.972885
0.915626
0.898499
0.968782
0.900879
0.878180
0.932076
0.945592
0.865018
0.876929
0.942168
0.909997
0.866625
0.880726
0.904036
0.869232
0.868515
0.943357
0.877047
0.893596
0.929983
0.963839
0.918355
0.887701
0.910398
0.903764
0.939926
0.886128
0.877552
0.891632
0.928587
0.874586
0.976613
0.875894
0.870759
0.898158
0.890791
0.945216
0.884536
0.891229
0.865287
0.870862
0.959800
0.867256
0.887807
0.895956
0.871916
0.892483
0.881537
0.885077
0.932426
0.975095
0.879522
0.894018
0.884973
0.934979
0.953333
0.870230
0.868872
0.868961
0.898668
0.936922
0.879235
0.896004
0.967358
0.886106
0.946415
0.886017
0.873615
0.872708
0.919331
0.874281
0.879317
0.909869
0.877075
0.906000
0.974838
0.885107
0.954390
0.878894
0.910045
0.918474
0.876359
0.934494
0.866289
0.898992
0.907703
0.958276
0.906581
0.913990
0.975577
0.973931
0.893338
0.876790
0.892787
0.888455
0.900818
0.880142
0.915628
0.913429
0.889303
0.883268
0.929401
0.907792
0.941398
0.957821
0.868325
0.936224
0.877610
0.966789
0.979545
0.931039
0.911969
0.874679
0.904886
0.914487
0.912866
0.867465
0.904851
0.872252
0.918467
0.901766
0.869620
0.865745
0.919284
0.899113
0.889769
0.872125
0.921079
0.969114
0.925629
0.987091
0.879252
0.897456
0.906892
0.865782
0.889120
0.912298
0.938632
0.905353
0.906220
0.935312
0.882895
0.871376
0.960323
0.933332
0.925562
0.904257
0.939218
0.879193
0.915322
0.898304
0.923002
0.923489
0.899747
0.888449
0.873382
0.937662
0.897627
0.937192
0.930430
0.873465
0.935879
0.966766
0.909387
0.886949
0.971659
0.953209
0.953560
0.932403
0.894419
0.895351
0.906438
0.919097
0.904188
0.898373
0.895167
0.878670
0.965662
0.878821
0.895120
0.908624
0.918080
0.869891
0.880822
0.870534
0.894850
0.890822
0.951710
0.943246
0.874045
0.915313
0.969726
0.959250
0.909026
0.904463
0.879829
0.904713
0.893620
0.871168
0.883172
0.935592
0.903909
0.936070
0.896590
0.990118
0.879937
0.941965
0.878268
0.875123
0.865641
0.913382
0.924978
0.919703
0.921799
0.961063
0.930046
0.868959
0.884087
0.914997
0.954424
0.895191
0.880011
0.945285
0.887548
0.933985
0.889905
0.906347
0.884079
0.928432
0.916018
0.906347
0.903718
0.872382
0.886607
0.959400
0.872000
0.905356
0.929174
0.886479
0.921030
0.931057
0.954458
0.891076
0.894166
0.909504
0.884326
0.873136
0.916062
0.907801
0.929259
0.904486
0.965795
0.967047
0.889925
0.882461
0.926217
0.923046
0.934650
0.976211
0.894911
0.893587
0.903373
0.955296
0.903592
0.937718
0.939611
0.914193
0.886702
0.906924
0.956019
0.972485
0.884171
0.936689
0.887654
0.920618
0.889556
0.912328
0.936123
0.969540
0.872771
0.904687
0.899747
0.868254
0.899151
0.937939
0.886612
0.875042
0.901139
0.869128
0.872798
0.949984
0.899324
0.915139
0.932918
0.966617
0.894736
0.909740
0.907928
0.925158
0.870347
0.897963
0.920261
0.890864
0.879917
0.974227
0.865047
0.908884
0.908618
0.936937
0.903928
0.921119
0.885713
0.968937
0.927449
0.929884
0.930599
0.865387
0.952936
0.879211
0.869875
0.991075
0.869265
0.906446
0.914671
0.942764
0.900668
0.993229
0.893123
0.994665
0.924852
0.900415
0.897823
0.890430
0.940736
0.919103
0.887440
0.941615
0.878154
0.947992
0.914060
0.924101
0.905517
0.953833
0.917990
0.880875
0.916050
0.892566
0.881697
0.903757
0.911589
0.887695
0.903344
0.918807
0.944781
0.871068
0.900661
0.886352
0.870891
0.945452
0.886227
0.936748
0.886455
0.928804
0.873484
0.871919
0.892235
0.898214
0.961298
0.909755
0.885696
0.905748
0.882081
0.939364
0.895048
0.951888
0.866331
0.865603
0.882285
0.883607
0.905081
0.942054
0.911433
0.993972
0.900250
0.895629
0.870927
0.961235
0.925881
0.877471
0.933081
0.988936
0.973572
0.868202
0.927950
0.870753
0.875662
0.870368
0.906461
0.869778
0.918557
0.940845
0.913250
0.952861
0.915289
0.985004
0.932644
0.917977
0.864769
0.991161
0.955733
0.905229
0.941384
0.900986
0.905038
0.884302
0.951200
0.914198
0.877981
0.911258
0.936285
0.967577
0.910571
0.931021
0.989686
0.885158
0.943900
0.875235
0.891937
0.890928
0.880801
0.864684
0.875919
0.941534
0.952915
0.934759
0.939642
0.917818
0.895194
0.939875
0.917344
0.886229
0.887766
0.898670
0.933427
0.942565
0.926938
0.917457
0.896749
0.956283
0.878804
0.878673
0.945572
0.933891
0.965901
0.944604
0.867489
0.934350
0.982129
0.895496
0.872695
0.879469
0.895520
0.884730
0.866038
0.885401
0.867548
0.942786
0.960361
0.898945
0.917003
0.908331
0.930428
0.965804
0.981147
0.903708
0.933156
0.924544
0.873171
0.877001
0.912795
0.888382
0.892606
0.897204
0.870274
0.887323
0.883227
0.873223
0.869593
0.881868
0.906845
0.877947
0.899167
0.964248
0.900660
0.901017
0.879953
0.904625
0.885671
0.873578
0.968491
0.959456
0.922089
0.923625
0.946961
0.919840
0.877096
0.914670
0.889913
0.886530
0.936013
0.962474
0.916225
0.874989
0.890568
0.925627
0.899959
0.914586
0.942658
0.906734
0.945823
0.890611
0.927337
0.885534
0.884917
0.876921
0.932292
0.903357
0.922999
0.867126
0.916294
0.916802
0.968638
0.885646
0.887062
0.938382
0.965551
0.902302
0.894748
0.884649
0.935933
0.876824
0.878698
0.894536
0.888266
0.908492
0.870949
0.935370
0.874823
0.959669
0.886529
0.983005
0.883413
0.865257
0.884279
0.907690
0.877573
0.865927
0.866355
0.948991
0.868412
0.919056
0.902409
0.864726
0.963764
0.937045
0.938517
0.950002
0.883775
0.878106
0.874280
0.867287
0.891765
0.889528
0.897923
0.923295
0.952438
0.906414
0.899697
0.866092
0.898093
0.932024
0.865017
0.924755
0.933212
0.884692
0.880908
0.966333
0.886176
0.882832
0.938882
0.890657
0.955677
0.884851
0.890733
0.942750
0.868765
0.874623
0.923992
0.888576
0.889267
0.942840
0.891776
0.924760
0.875616
0.938222
0.892554
0.866833
0.887862
0.942643
0.868283
0.931852
0.911059
0.868646
0.898481
0.888774
0.889391
0.921429
0.883791
0.917087
0.960176
0.868699
0.977310
0.940414
0.889620
0.888402
0.917368
0.894687
0.900714
0.887727
0.927955
0.938324
0.874014
0.869989
0.902712
0.885859
0.950973
0.948096
0.888438
0.877613
0.922645
0.892857
0.963848
0.882126
0.897932
0.892236
0.910838
0.934147
0.866635
0.943975
0.894117
0.967494
0.954578
0.891713
0.932124
0.880640
0.923421
0.893065
0.916202
0.874612
0.924338
0.889490
0.965209
0.942715
0.896079
0.896678
0.872291
0.885094
0.884374
0.897823
0.900671
0.967790
0.939967
0.894297
0.877804
0.881586
0.933138
0.932428
0.993454
0.937221
0.912223
0.893915
0.929304
0.901167
0.931703
0.901995
0.924507
0.897390
0.947804
0.887211
0.910920
0.908081
0.918648
0.904367
0.891692
0.868024
0.961201
0.901386
0.889070
0.878038
0.956999
0.937904
0.873856
0.926155
0.877407
0.888070
0.965950
0.965591
0.869255
0.965327
0.928410
0.919480
0.888392
0.899386
0.872519
0.869154
0.962418
0.939710
0.903388
0.935682
0.872109
0.868588
0.887813
0.931746
0.910004
0.922535
0.938675
0.901996
0.874598
0.873248
0.921490
0.867431
0.959920
0.938678
0.931355
0.871021
0.872372
0.923374
0.866510
0.877250
0.915894
0.931963
0.943120
0.965151
0.878542
0.965779
0.995583
0.872860
0.930675
0.903287
0.955439
0.946647
0.908857
0.879287
0.913368
0.871913
0.952494
0.893859
0.912277
0.865902
0.905045
0.882275
0.868694
0.896933
0.867261
0.939686
0.905434
0.875129
0.902484
0.908095
0.888893
0.871225
0.885651
0.875180
0.866593
0.902470
0.870574
0.866520
0.914204
0.943067
0.905900
0.903321
0.921975
0.868997
0.925149
0.883411
0.876499
0.911346
0.919109
0.931939
0.913247
0.875261
0.986739
0.919677
0.911304
0.866600
0.899553
0.870347
0.877229
0.964176
0.916689
0.904598
0.866335
0.958759
0.920213
0.868287
0.894109
0.930708
0.870193
0.983927
0.910318
0.914041
0.901995
0.881127
0.921037
0.876680
0.903005
0.943679
0.931068
0.873701
0.911658
0.889195
0.885128
0.910668
0.979655
0.947588
0.913628
0.897513
0.964770
0.935061
0.891432
0.909546
0.884594
0.893521
0.900588
0.963000
0.898164
0.947274
0.921448
0.905636
0.944879
0.880781
0.872354
0.887557
0.899859
0.935092
0.902350
0.966522
0.914063
0.880471
0.869339
0.876754
0.909175
0.890674
0.930328
0.906924
0.878760
0.889031
0.970827
0.873745
0.871426
0.887581
0.923799
0.892603
0.924766
0.874743
0.886408
0.873388
0.987600
0.972468
0.918639
0.943501
0.877643
0.932195
0.874161
0.918245
0.906135
0.916003
0.911656
0.872737
0.944983
0.918998
0.885677
0.893811
0.985936
0.866120
0.959707
0.877947
0.890810
0.950255
0.888100
0.899313
0.877067
0.996445
0.942065
0.950431
0.874692
0.872486
0.986879
0.874080
0.869548
0.917588
0.972940
0.883067
0.893279
0.871284
0.954816
0.956591
0.927147
0.900772
0.865538
0.908707
0.871908
0.886712
0.964016
0.871138
0.888455
0.945978
0.885167
0.922224
0.926563
0.914019
0.872772
0.953204
0.913946
0.964960
0.931831
0.930778
0.867759
0.930580
0.951711
0.872761
0.892246
0.944646
0.892541
0.931555
0.963721
0.883428
0.918950
0.918613
0.928448
0.920417
0.877696
0.943329
0.970810
0.872512
0.961254
0.884699
0.970745
0.878806
0.967941
0.920951
0.938641
0.868795
0.908138
0.894311
0.988736
0.885607
0.873660
0.867281
0.866191
0.864746
0.875547
0.894169
0.944845
0.906618
0.873965
0.933983
0.936805
0.935670
0.895205
0.904537
0.897668
0.912681
0.888983
0.893586
0.925420
0.882416
0.920611
0.919888
0.899013
0.914383
0.887453
0.881834
0.921073
0.947182
0.917430
0.920274
0.874002
0.933187
0.924800
0.875643
0.933352
0.946822
0.908626
0.913490
0.892538
0.923068
0.891178
0.875333
0.899716
0.932854
0.920380
0.952957
0.889849
0.981330
0.883652
0.866976
0.880943
0.960963
0.923858
0.922172
0.905903
0.987804
0.958711
0.877184
0.945792
0.907683
0.944104
0.977678
0.886042
0.906301
0.873656
0.867983
0.892262
0.922563
0.918780
0.930430
0.890844
0.988899
0.954546
0.939534
0.931943
0.908319
0.923390
0.870520
0.906437
0.966978
0.872938
0.932081
0.948869
0.939778
0.896703
0.892909
0.938556
0.888757
0.909244
0.918062
0.949188
0.893412
0.915075
0.875227
0.957283
0.930290
0.878835
0.884103
0.895808
0.945575
0.864826
0.933253
0.944454
0.955027
0.909937
0.912153
0.897882
0.881761
0.921473
0.970565
0.877236
0.936790
0.925977
0.867014
0.912695
0.872919
0.895893
0.893241
0.898960
0.972447
0.865421
0.886903
0.889909
0.916286
0.899782
0.881912
0.891062
0.919943
0.904809
0.933609
0.903195
0.905038
0.905857
0.888391
0.894927
0.869715
0.956895
0.943850
0.887576
0.910420
0.936602
0.903075
0.890364
0.902539
0.906384
0.963578
0.914369
0.964132
0.887199
0.867554
0.954771
0.888107
0.890377
0.880980
0.965181
0.938802
0.901030
0.885633
0.899231
0.976746
0.867759
0.965216
0.902232
0.910362
0.883096
0.952215
0.918186
0.875403
0.926269
0.968109
0.927658
0.902761
0.897964
0.868648
0.974731
0.970679
0.983743
0.910718
0.953672
0.886033
0.915162
0.935255
0.915190
0.970017
0.993514
0.908321
0.931852
0.900818
0.943703
0.878351
0.898128
0.951613
0.873476
0.959741
0.898136
0.893421
0.937517
0.869349
0.907436
0.903354
0.865513
0.882521
0.978087
0.899091
0.887132
0.966553
0.894918
0.885967
0.904659
0.885159
0.912386
0.872378
0.868165
0.878061
0.868903
0.868005
0.929583
0.940713
0.905427
0.909846
0.864673
0.968280
0.897681
0.873485
0.948746
0.949704
0.904870
0.919185
0.964170
0.867268
0.874018
0.967520
0.885530
0.872126
0.893993
0.913242
0.867824
0.937039
0.952938
0.909200
0.869032
0.900546
0.921155
0.872652
0.919723
0.928675
0.876208
0.893216
0.907252
0.922846
0.965142
0.907265
0.916580
0.891906
0.920689
0.902093
0.880778
0.876145
0.873047
0.875510
0.878996
0.883069
0.871343
0.902893
0.891793
0.902663
0.869782
0.895772
0.884075
0.970743
0.971846
0.889205
0.896332
0.916279
0.899117
0.868884
0.890017
0.915228
0.898616
0.951186
0.885374
0.892791
0.895202
0.957783
0.930269
0.868573
0.893379
0.972419
0.880429
0.904243
0.872492
0.896929
0.932720
0.879603
0.958313
0.872582
0.924805
0.980534
0.906280
0.972122
0.964859
0.902143
0.885751
0.890538
0.871217
0.929896
0.895799
0.898187
0.889996
0.946888
0.887090
0.916788
0.880356
0.926408
0.906691
0.970647
0.933871
0.958060
0.959722
0.981166
0.895461
0.866281
0.895222
0.875682
0.881423
0.887234
0.884351
0.962597
0.885566
0.938012
0.953351
0.880292
0.884162
0.876594
0.910578
0.891889
0.957246
0.976795
0.938859
0.881980
0.942039
0.871599
0.949628
0.867056
0.940108
0.893963
0.985162
0.910781
0.885970
0.957076
0.908815
0.925062
0.962484
0.968735
0.947512
0.875630
0.882980
0.872997
0.870127
0.907951
0.959298
0.973029
0.933012
0.877219
0.873681
0.888270
0.908089
0.866642
0.885885
0.889610
0.884253
0.872009
0.898230
0.873767
0.874540
0.881915
0.905856
0.873666
0.940095
0.940416
0.866573
0.890898
0.904261
0.970090
0.886506
0.890817
0.872084
0.909122
0.901333
0.877878
0.870649
0.893268
0.874935
0.946116
0.909715
0.884753
0.875955
0.871163
0.887081
0.899532
0.897681
0.911499
0.909669
0.949893
0.926165
0.925272
0.871724
0.880356
0.943176
0.958434
0.866340
0.947883
0.883248
0.906644
0.939910
0.909467
0.951828
0.959285
0.871723
0.890202
0.871270
0.878053
0.928363
0.882114
0.866678
0.884747
0.905854
0.878155
0.892452
0.942568
0.918610
0.939006
0.894497
0.878410
0.921064
0.871227
0.954693
0.933893
0.887833
0.927325
0.921911
0.889860
0.910569
0.962405
0.949696
0.892257
0.901971
0.930351
0.884821
0.911972
0.869974
0.892659
0.934392
0.938984
0.915717
0.938653
0.869592
0.873640
0.982853
0.898722
0.969182
0.916823
0.881774
0.890088
0.941804
0.956494
0.898278
0.926247
0.920861
0.932079
0.896457
0.888821
0.870601
0.979916
0.882636
0.969035
0.890401
0.928809
0.923778
0.916557
0.886787
0.933660
0.986993
0.869151
0.909867
0.914720
0.949311
0.917450
0.929828
0.946489
0.869341
0.923359
0.901097
0.887157
0.866006
0.885246
0.879060
0.900070
0.982902
0.949269
0.879172
0.895055
0.877793
0.885861
0.893150
0.898054
0.881735
0.928493
0.875657
0.961520
0.890110
0.900186
0.923308
0.889343
0.906359
0.881655
0.965328
0.893520
0.949956
0.921730
0.880830
0.964496
0.890455
0.924716
0.881703
0.892117
0.977185
0.898487
0.942474
0.971489
0.886517
0.866177
0.891251
0.902546
0.887659
0.929803
0.960316
0.908943
0.899796
0.869478
0.901146
0.938347
0.906817
0.874885
0.873327
0.867895
0.893493
0.868667
0.897656
0.882322
0.928874
0.920250
0.877083
0.869390
0.890329
0.896139
0.898107
0.887981
0.947310
0.882990
0.884410
0.874881
0.884743
0.917103
0.917317
0.912884
0.891375
0.908287
0.873982
0.940631
0.915551
0.914343
0.914410
0.874243
0.931624
0.928893
0.877726
0.873434
0.936843
0.915682
0.892523
0.904881
0.883941
0.908653
0.911734
0.915255
0.971439
0.865193
0.962392
0.940067
0.883601
0.878446
0.969488
0.907711
0.942279
0.911867
0.873089
0.876991
0.872805
0.883075
0.981557
0.929328
0.948108
0.912445
0.950064
0.914163
0.887208
0.867923
0.928787
0.870730
0.921017
0.871071
0.913729
0.962687
0.918444
0.876575
0.907404
0.913588
0.877154
0.900058
0.894838
0.898392
0.919700
0.890501
0.977069
0.901107
0.962030
0.871034
0.918788
0.867259
0.890510
0.916721
0.934432
0.878835
0.879164
0.917582
0.938900
0.905092
0.923048
0.906167
0.913961
0.889728
0.915670
0.878159
0.883586
0.882684
0.891541
0.938270
0.946015
0.907595
0.882531
0.881791
0.976606
0.956052
0.912549
0.967241
0.891782
0.904661
0.866938
0.864698
0.908381
0.893333
0.916775
0.887336
0.912005
0.943326
0.965789
0.892872
0.889458
0.915786
0.955669
0.963854
0.969402
0.904728
0.872910
0.879632
0.932738
0.902023
0.864726
0.913753
0.865321
0.882602
0.944356
0.980766
0.874646
0.896347
0.962012
0.904558
0.961041
0.971140
0.904606
0.900442
0.889498
0.873404
0.934506
0.959526
0.969623
0.926109
0.885481
0.885360
0.887965
0.877200
0.879797
0.883862
0.923574
0.889162
0.901710
0.898191
0.940260
0.901795
0.866570
0.941763
0.928510
0.949164
0.938669
0.949912
0.884552
0.927857
0.892213
0.878156
0.922299
0.950985
0.919736
0.864914
0.989359
0.896406
0.960367
0.967813
0.872753
0.878817
0.880927
0.897883
0.892998
0.898455
0.925165
0.868507
0.934572
0.876464
0.903358
0.911402
0.918823
0.906044
0.893975
0.891831
0.893173
0.877514
0.880797
0.919846
0.956506
0.913331
0.945640
0.910954
0.900431
0.903060
0.911333
0.899864
0.957415
0.902879
0.894818
0.865817
0.923828
0.916778
0.899414
0.868655
0.868709
0.874629
0.872618
0.943410
0.887468
0.914851
0.894871
0.969382
0.873201
0.936931
0.887581
0.904217
0.974217
0.907634
0.875104
0.949438
0.873339
0.984561
0.897600
0.912584
0.901839
0.994353
0.867076
0.892999
0.902715
0.897940
0.894460
0.876442
0.868310
0.945773
0.880826
0.872471
0.981488
0.889941
0.966081
0.885956
0.967632
0.889535
0.881917
0.869135
0.872799
0.909084
0.910644
0.870212
0.870395
0.927420
0.967048
0.879481
0.925796
0.892429
0.937946
0.876948
0.892281
0.943398
0.909031
0.947538
0.883295
0.966857
0.865766
0.887543
0.936447
0.882078
0.897070
0.933806
0.912233
0.891625
0.868137
0.906455
0.924953
0.885914
0.913047
0.940868
0.945541
0.875320
0.954991
0.961954
0.950026
0.944218
0.873618
0.910537
0.878826
0.961174
0.930503
0.910720
0.931362
0.885522
0.896447
0.996043
0.880821
0.897890
0.887473
0.864935
0.922434
0.929706
0.934360
0.882870
0.870824
0.941856
0.935544
0.936733
0.871952
0.891762
0.913402
0.967651
0.905422
0.902403
0.950060
0.893031
0.887586
0.987725
0.966381
0.905109
0.959280
0.922799
0.869710
0.920192
0.972623
0.903134
0.920094
0.877717
0.961351
0.972953
0.878016
0.913338
0.924682
0.970454
0.946017
0.936411
0.934780
0.915924
0.910299
0.951685
0.978355
0.875318
0.941855
0.902977
0.917811
0.923353
0.949600
0.967193
0.922376
0.939416
0.899597
0.912344
0.901866
0.906510
0.881455
0.898118
0.865377
0.953933
0.916231
0.963923
0.946579
0.940153
0.906129
0.907661
0.933257
0.891714
0.887883
0.906682
0.978112
0.952034
0.894916
0.969217
0.866410
0.879902
0.898211
0.920717
0.955474
0.886417
0.914197
0.910513
0.871270
0.867929
0.874734
0.911195
0.911301
0.893095
0.864848
0.912391
0.883592
0.916527
0.905254
0.871919
0.897290
0.866626
0.918664
0.877509
0.894175
0.970503
0.926538
0.891935
0.943690
0.871784
0.887636
0.948023
0.887986
0.931655
0.905198
0.879461
0.867440
0.872135
0.935023
0.874190
0.875594
0.960027
0.926524
0.929087
0.885866
0.926862
0.887288
0.909106
0.889018
0.941989
0.920308
0.932541
0.946724
0.886130
0.964798
0.881521
0.882372
0.918539
0.913978
0.869588
0.931010
0.958652
0.962675
0.868445
0.920121
0.898115
0.883721
0.924918
0.908269
0.866798
0.943877
0.925330
0.967984
0.907542
0.897023
0.881461
0.882112
0.929340
0.936773
0.911124
0.908578
0.898273
0.888422
0.894187
0.929295
0.883001
0.916825
0.977197
0.955177
0.880343
0.867610
0.917728
0.873400
0.975409
0.924106
0.936027
0.895189
0.968936
0.901360
0.967072
0.980197
0.886512
0.918392
0.962355
0.944211
0.868606
0.875627
0.869578
0.937220
0.966077
0.918801
0.889097
0.892766
0.973030
0.928026
0.871554
0.879932
0.890008
0.869545
0.871839
0.909998
0.872603
0.930154
0.923762
0.870251
0.896858
0.900477
0.902510
0.892282
0.963683
0.897099
0.890476
0.880842
0.868666
0.884187
0.868429
0.872732
0.897211
0.873488
0.957304
0.891758
0.934556
0.881162
0.930000
0.929216
0.968584
0.944477
0.966669
0.885609
0.957745
0.867575
0.946428
0.865778
0.935976
0.906822
0.871413
0.878602
0.983528
0.912118
0.910418
0.960122
0.864679
0.958711
0.874346
0.868681
0.877047
0.878410
0.877011
0.914167
0.888314
0.869811
0.972286
0.870552
0.887058
0.924714
0.941251
0.882770
0.906454
0.932455
0.907737
0.897354
0.938494
0.893311
0.898826
0.911219
0.958179
0.908049
0.934396
0.955052
0.872806
0.888965
0.939912
0.872821
0.881537
0.967079
0.877103
0.895907
0.874032
0.890847
0.865083
0.899870
0.897297
0.974406
0.907984
0.929372
0.920482
0.890828
0.979615
0.877224
0.871622
0.905512
0.914592
0.955861
0.955337
0.867597
0.900852
0.938813
0.912422
0.881113
0.924078
0.925619
0.909737
0.903176
0.941764
0.937828
0.897733
0.986604
0.878754
0.910497
0.890028
0.879221
0.865699
0.934227
0.876539
0.909512
0.903489
0.942990
0.957680
0.901359
0.997114
0.864827
0.981498
0.914543
0.956361
0.951656
0.919267
0.891673
0.922019
0.880888
0.913091
0.891165
0.962522
0.874698
0.946108
0.930747
0.964641
0.884402
0.929463
0.873703
0.944700
0.869350
0.889443
0.947282
0.944504
0.904345
0.895275
0.888671
0.888645
0.887047
0.938286
0.888607
0.887242
0.935572
0.962643
0.879092
0.919451
0.911043
0.910346
0.887888
0.938475
0.875136
0.921907
0.927958
0.886087
0.905117
0.900070
0.880726
0.936360
0.877683
0.891089
0.915690
0.882888
0.924047
0.900565
0.870405
0.877857
0.949611
0.895724
0.905115
0.876318
0.878830
0.944359
0.901531
0.977253
0.932982
0.922545
0.916301
0.888623
0.881522
0.964519
0.872760
0.893639
0.914224
0.944642
0.922715
0.872093
0.885761
0.956597
0.954231
0.901530
0.882759
0.904068
0.928615
0.965377
0.972168
0.940208
0.873045
0.942436
0.879797
0.917507
0.982816
0.896004
0.900496
0.900043
0.893545
0.880031
0.873546
0.995259
0.907904
0.891778
0.964204
0.920275
0.931378
0.907055
0.902940
0.896646
0.918247
0.935537
0.887902
0.906308
0.882306
0.910581
0.865906
0.974861
0.904112
0.979019
0.935138
0.916356
0.938731
0.981556
0.882520
0.936367
0.894381
0.926604
0.881507
0.935406
0.961741
0.891762
0.935232
0.900273
0.928502
0.925998
0.872322
0.900899
0.881193
0.913939
0.953231
0.950171
0.892473
0.878537
0.893881
0.915749
0.933417
0.895469
0.912079
0.883262
0.893384
0.890742
0.951954
0.877033
0.889196
0.873075
0.970769
0.928465
0.943598
0.877955
0.903617
0.931846
0.908924
0.883877
0.879209
0.884212
0.974601
0.887856
0.929914
0.878508
0.959168
0.915742
0.868687
0.884981
0.940528
0.899061
0.955147
0.910724
0.947086
0.901299
0.942709
0.880975
0.942003
0.925229
0.895252
0.874936
0.941820
0.891250
0.950577
0.918969
0.908316
0.891684
0.894118
0.870768
0.916927
0.913480
0.891409
0.913130
0.958211
0.870756
0.936826
0.941574
0.925921
0.945978
0.870993
0.905001
0.885513
0.981589
0.869635
0.873877
0.899596
0.955710
0.891564
0.884049
0.913096
0.933554
0.896221
0.895419
0.872557
0.885054
0.867700
0.920426
0.918579
0.898027
0.931318
0.883679
0.866268
0.871512
0.947453
0.963738
0.877945
0.917829
0.931236
0.954507
0.901661
0.944722
0.894670
0.933201
0.941736
0.901138
0.954684
0.883916
0.891670
0.882475
0.907240
0.968824
0.864992
0.967460
0.890871
0.872905
0.880536
0.894659
0.935428
0.949155
0.943611
0.905730
0.873052
0.947575
0.915855
0.976308
0.936256
0.939484
0.914482
0.906235
0.924291
0.869678
0.891154
0.870284
0.944051
0.876541
0.908982
0.928001
0.898009
0.958720
0.973918
0.973714
0.948270
0.975675
0.958169
0.879231
0.870598
0.873425
0.914173
0.949021
0.982943
0.897306
0.892829
0.871911
0.884699
0.984177
0.869739
0.868252
0.937449
0.922762
0.911491
0.901793
0.931926
0.963045
0.909694
0.911884
0.871129
0.871783
0.886210
0.906757
0.865302
0.883259
0.903123
0.949961
0.880751
0.894477
0.869275
0.887530
0.905975
0.921644
0.876516
0.904440
0.870827
0.908248
0.915013
0.891998
0.906894
0.923350
0.896528
0.887833
0.891184
0.985015
0.937468
0.871645
0.960122
0.890157
0.923035
0.865100
0.899058
0.976416
0.907390
0.899914
0.880900
0.865978
0.888102
0.899554
0.896167
0.893724
0.933493
0.963856
0.867961
0.963178
0.897833
0.874285
0.901135
0.867106
0.904329
0.988718
0.927748
0.960710
0.887267
0.869381
0.957949
0.871086
0.876628
0.942048
0.898173
0.946815
0.943071
0.952647
0.941821
0.891291
0.889277
0.867450
0.892931
0.919595
0.903340
0.937314
0.866735
0.882670
0.927641
0.870084
0.877028
0.874804
0.880138
0.918878
0.877447
0.927860
0.918097
0.956136
0.917854
0.966818
0.974120
0.907717
0.866884
0.873943
0.891029
0.901142
0.979916
0.877055
0.890386
0.938452
0.907170
0.922805
0.944845
0.957980
0.888537
0.888711
0.924534
0.891060
0.911479
0.895449
0.897870
0.931863
0.908954
0.919490
0.894059
0.929338
0.891898
0.866092
0.916831
0.989122
0.973226
0.912897
0.907078
0.988993
0.928155
0.953165
0.900531
0.925401
0.868436
0.940053
0.903288
0.912759
0.902262
0.888666
0.903167
0.939492
0.919595
0.877233
0.875384
0.880413
0.912324
0.912569
0.974940
0.873602
0.881147
0.891136
0.948484
0.913419
0.892915
0.902168
0.912738
0.889618
0.869012
0.872528
0.889071
0.936724
0.988726
0.937681
0.902179
0.867954
0.913529
0.975373
0.917954
0.869501
0.885975
0.873082
0.951260
0.966072
0.886580
0.866191
0.875693
0.952718
0.914951
0.873192
0.865048
0.944831
0.901939
0.949499
0.897335
0.947393
0.889903
0.865261
0.877723
0.895293
0.873161
0.905442
0.877658
0.872660
0.886753
0.921128
0.876162
0.955429
0.917373
0.938748
0.973524
0.961097
0.960703
0.944533
0.948381
0.879965
0.948369
0.865402
0.870988
0.900506
0.873979
0.871390
0.886234
0.915256
0.972157
0.928117
0.900255
0.886437
0.929246
0.918852
0.925538
0.947286
0.875396
0.953134
0.973952
0.899823
0.908254
0.873452
0.890355
0.876531
0.961914
0.887204
0.870547
0.945275
0.874304
0.966729
0.868079
0.987767
0.969867
0.874574
0.899757
0.870427
0.881862
0.931620
0.924799
0.878625
0.900789
0.875083
0.903497
0.878143
0.937761
0.878109
0.867230
0.967071
0.869410
0.864699
0.894549
0.915410
0.873489
0.930529
0.936091
0.867880
0.867527
0.949733
0.953795
0.877390
0.939720
0.965035
0.876782
0.932608
0.869792
0.916839
0.945088
0.887772
0.892336
0.906885
0.905072
0.944153
0.922805
0.997089
0.865955
0.900839
0.878075
0.868546
0.895515
0.883364
0.868581
0.938997
0.950566
0.877687
0.907547
0.919203
0.881255
0.911789
0.904843
0.872582
0.932928
0.887357
0.867872
0.963044
0.868736
0.873128
0.908997
0.956069
0.898138
0.960534
0.897042
0.967264
0.931615
0.871316
0.967134
0.934206
0.910129
0.873723
0.942612
0.973956
0.894008
0.952580
0.933670
0.883047
0.868817
0.886214
0.956520
0.886009
0.950880
0.895380
0.895532
0.916865
0.927073
0.899722
0.909021
0.934939
0.911476
0.871319
0.921496
0.865046
0.865403
0.870527
0.968879
0.933088
0.877496
0.954738
0.906160
0.930947
0.865856
0.890003
0.926199
0.895533
0.880217
0.900772
0.920781
0.884929
0.933084
0.909633
0.911008
0.916991
0.971787
0.977251
0.882518
0.921806
0.897174
0.938652
0.898279
0.990297
0.955204
0.871509
0.864698
0.957487
0.877698
0.969024
0.920725
0.892069
0.945153
0.877157
0.871869
0.948162
0.905797
0.940432
0.883379
0.929953
0.884265
0.960497
0.865285
0.866312
0.901376
0.911954
0.919705
0.897420
0.909063
0.956027
0.871016
0.977038
0.924521
0.906895
0.975072
0.912229
0.917157
0.975253
0.902475
0.940797
0.960352
0.874319
0.876898
0.932323
0.887882
0.884866
0.914751
0.944062
0.870369
0.949481
0.910358
0.890990
0.935870
0.911297
0.893042
0.882359
0.875019
0.866257
0.922242
0.925340
0.961202
0.933913
0.921888
0.915133
0.885825
0.918007
0.877909
0.960209
0.914354
0.921887
0.928668
0.905622
0.940153
0.956106
0.883865
0.872909
0.876782
0.950613
0.968925
0.883075
0.929352
0.905124
0.914918
0.904586
0.870117
0.980940
0.931974
0.880945
0.864905
0.896686
0.962150
0.962050
0.877357
0.913201
0.907034
0.901199
0.880598
0.927659
0.893487
0.942760
0.893534
0.871808
0.889621
0.877866
0.993347
0.914237
0.887070
0.876603
0.901034
0.882872
0.897128
0.878404
0.933633
0.866502
0.925343
0.945608
0.865149
0.898999
0.869109
0.865390
0.949411
0.984203
0.964724
0.867333
0.911775
0.900567
0.904886
0.938969
0.877036
0.954438
0.916327
0.909781
0.986091
0.970518
0.931149
0.984582
0.909311
0.867736
0.875643
0.865766
0.886435
0.912070
0.879631
0.868465
0.914926
0.958206
0.955905
0.915698
0.890694
0.972409
0.916867
0.879554
0.968207
0.909693
0.882561
0.906222
0.865678
0.932747
0.888111
0.878152
0.918767
0.965290
0.931657
0.917584
0.954459
0.902988
0.916155
0.898518
0.907322
0.935354
0.899992
0.943692
0.890864
0.921421
0.953563
0.971144
0.910998
0.935963
0.910896
0.960584
0.930272
0.878137
0.873269
0.923365
0.931514
0.892589
0.878892
0.933539
0.873272
0.905815
0.969203
0.934096
0.899622
0.925039
0.894474
0.889774
0.877401
0.865220
0.935715
0.927170
0.936525
0.881113
0.907942
0.873747
0.955354
0.896893
0.870491
0.900428
0.878625
0.920022
0.892910
0.964247
0.945858
0.904014
0.915435
0.912698
0.950656
0.940816
0.890279
0.986609
0.888763
0.886039
0.932749
0.935707
0.982947
0.874867
0.872394
0.876221
0.875467
0.954172
0.951940
0.965045
0.872585
0.896152
0.868998
0.864990
0.944323
0.875026
0.900870
0.866464
0.939178
0.945416
0.971812
0.918571
0.889579
0.910861
0.880617
0.879055
0.893002
0.910695
0.878316
0.925794
0.948551
0.968157
0.901816
0.945799
0.870879
0.912777
0.864874
0.882250
0.901471
0.952532
0.877172
0.912668
0.885817
0.881963
0.913173
0.872966
0.894002
0.868221
0.874885
0.877791
0.954949
0.871749
0.942992
0.880742
0.922035
0.867704
0.897362
0.867610
0.915371
0.916180
0.931313
0.900959
0.910335
0.880175
0.887098
0.920022
0.939583
0.887349
0.955889
0.884422
0.877757
0.869491
0.948333
0.901687
0.887529
0.898963
0.913469
0.925369
0.903778
0.930532
0.953212
0.893754
0.945607
0.926250
0.915176
0.904936
0.931988
0.866848
0.909179
0.891429
0.919752
0.886130
0.942720
0.879669
0.905086
0.873399
0.949400
0.887488
0.898007
0.932872
0.912242
0.916153
0.943227
0.898162
0.870788
0.874012
0.952420
0.923399
0.944079
0.892657
0.896591
0.927087
0.932954
0.883158
0.896292
0.891879
0.933868
0.875980
0.894624
0.887653
0.905910
0.867547
0.914720
0.889845
0.882920
0.872402
0.900772
0.872454
0.896924
0.956033
0.950416
0.996762
0.905325
0.924623
0.898110
0.914305
0.943088
0.887548
0.885059
0.920212
0.923500
0.925239
0.891915
0.898278
0.969575
0.935797
0.938992
0.927205
0.965542
0.878238
0.866130
0.899798
0.881449
0.917065
0.937881
0.902808
0.930402
0.882931
0.913984
0.875628
0.874947
0.900716
0.875586
0.920716
0.875345
0.913139
0.883254
0.978499
0.956704
0.907667
0.917366
0.912098
0.881195
0.986033
0.865560
0.877361
0.934295
0.941005
0.955014
0.925808
0.864699
0.959636
0.875321
0.881488
0.907765
0.967015
0.928057
0.884452
0.878373
0.887864
0.897511
0.889929
0.935842
0.912436
0.990732
0.963400
0.876662
0.882887
0.957552
0.869284
0.937349
0.907101
0.919391
0.865688
0.906057
0.920903
0.878491
0.885359
0.901325
0.870431
0.981798
0.901372
0.989917
0.873999
0.926128
0.907215
0.869753
0.896885
0.939629
0.884062
0.930059
0.881051
0.914903
0.905090
0.940835
0.914400
0.898278
0.980072
0.947776
0.889776
0.867773
0.918437
0.950362
0.924727
0.920146
0.893749
0.890811
0.946847
0.921795
0.942178
0.963976
0.919705
0.885672
0.962592
0.936692
0.985429
0.899958
0.948460
0.895860
0.883154
0.873122
0.874554
0.902603
0.929121
0.919819
0.886041
0.888863
0.870476
0.884311
0.877205
0.896995
0.887964
0.941558
0.885658
0.865025
0.901045
0.922234
0.891258
0.887673
0.889711
0.876841
0.882038
0.982816
0.900383
0.876249
0.934401
0.899323
0.916291
0.916576
0.948373
0.951578
0.931138
0.990699
0.891230
0.901178
0.919281
0.919365
0.938344
0.929456
0.960375
0.976240
0.875154
0.881163
0.936913
0.898290
0.881574
0.882645
0.871967
0.913202
0.910146
0.898805
0.933769
0.939393
0.897356
0.880375
0.974077
0.878185
0.921704
0.912369
0.940984
0.906215
0.899881
0.909310
0.905755
0.940510
0.865871
0.875913
0.899795
0.941039
0.954630
0.892245
0.936431
0.867166
0.913873
0.910440
0.901643
0.944082
0.941030
0.911960
0.896749
0.892523
0.865868
0.877333
0.876613
0.898948
0.894921
0.873919
0.917934
0.868958
0.927474
0.898918
0.912525
0.876372
0.988743
0.871415
0.977479
0.865399
0.883312
0.897296
0.942745
0.874802
0.938002
0.914448
0.877510
0.893880
0.876145
0.920236
0.880048
0.977598
0.881201
0.917942
0.890213
0.882573
0.941134
0.905333
0.924601
0.879556
0.919113
0.888556
0.884401
0.891360
0.934260
0.948045
0.906347
0.933303
0.969706
0.903677
0.934807
0.879444
0.961133
0.913235
0.890947
0.926827
0.878150
0.907368
0.871098
0.891043
0.877758
0.887357
0.888763
0.896363
0.966737
0.921827
0.921170
0.932387
0.877228
0.890917
0.972382
0.942554
0.922520
0.881148
0.877107
0.898389
0.870288
0.925448
0.878454
0.866797
0.878197
0.973396
0.881843
0.872146
0.909248
0.913178
0.941816
0.930952
0.873040
0.958945
0.871006
0.887101
0.880108
0.896572
0.928089
0.875579
0.870353
0.893298
0.958329
0.883528
0.929511
0.950008
0.870131
0.895253
0.871062
0.883154
0.945401
0.876977
0.970077
0.866754
0.879327
0.874575
0.987895
0.898968
0.882686
0.908444
0.866788
0.869050
0.885326
0.875306
0.977246
0.892883
0.900105
0.877968
0.937906
0.876914
0.890197
0.951539
0.909337
0.882555
0.873848
0.885159
0.872358
0.879731
0.923549
0.879162
0.900995
0.906054
0.893131
0.896572
0.909091
0.912437
0.909927
0.908288
0.866303
0.940335
0.870410
0.868453
0.951091
0.892166
0.879428
0.946057
0.930816
0.921254
0.866577
0.907037
0.944904
0.892563
0.895164
0.893909
0.916212
0.907321
0.921717
0.929309
0.931165
0.890579
0.964174
0.879418
0.950170
0.887286
0.916803
0.896330
0.954654
0.877384
0.970966
0.959808
0.983295
0.867197
0.975416
0.948317
0.895363
0.876948
0.925294
0.874559
0.944980
0.928817
0.922141
0.922136
0.871121
0.869414
0.868401
0.927098
0.914406
0.928371
0.898453
0.890161
0.869219
0.892318
0.908956
0.964347
0.922642
0.876668
0.890370
0.910331
0.890776
0.886591
0.901736
0.889506
0.889626
0.898707
0.878016
0.930604
0.915819
0.953680
0.952717
0.899433
0.915073
0.908908
0.872813
0.925792
0.916127
0.876797
0.895974
0.880162
0.955343
0.946918
0.909945
0.972030
0.879945
0.871942
0.954685
0.954374
0.884700
0.881374
0.899391
0.916884
0.907166
0.961757
0.971686
0.950150
0.891728
0.874773
0.914555
0.977783
0.866481
0.902345
0.897008
0.917999
0.866455
0.907977
0.889406
0.919047
0.926982
0.931175
0.949022
0.914409
0.913083
0.896517
0.909955
0.939568
0.906234
0.899195
0.924278
0.938596
0.923071
0.874079
0.896662
0.879433
0.868400
0.892853
0.869534
0.896435
0.905943
0.922498
0.894079
0.908576
0.875328
0.940746
0.877189
0.877274
0.890550
0.905143
0.942559
0.868429
0.882804
0.923201
0.920494
0.945468
0.871133
0.879878
0.918601
0.915838
0.920783
0.888826
0.895819
0.889576
0.900501
0.943283
0.908271
0.905644
0.878768
0.915621
0.963765
0.927693
0.885430
0.888052
0.883438
0.898246
0.873338
0.898248
0.915738
0.901477
0.967816
0.898022
0.906715
0.878466
0.872338
0.877430
0.866792
0.879216
0.894467
0.922189
0.942066
0.868044
0.990072
0.880794
0.893744
0.900007
0.867989
0.962733
0.975794
0.882490
0.907758
0.956423
0.973145
0.942386
0.879870
0.880385
0.883067
0.889733
0.920340
0.950425
0.940418
0.914085
0.886611
0.889310
0.938061
0.895889
0.905343
0.942858
0.915666
0.957793
0.903461
0.897684
0.970364
0.902952
0.920231
0.889689
0.966814
0.926012
0.883564
0.958924
0.968901
0.938759
0.940115
0.958910
0.915918
0.865771
0.873524
0.950731
0.891094
0.936547
0.930107
0.875860
0.893193
0.866800
0.903319
0.876533
0.898680
0.864696
0.986084
0.868174
0.957893
0.902463
0.902373
0.948510
0.975179
0.873928
0.878263
0.958558
0.944749
0.899692
0.941651
0.936598
0.882475
0.916389
0.924447
0.949342
0.918192
0.941787
0.929334
0.984590
0.913890
0.900608
0.874908
0.977482
0.903536
0.918271
0.874496
0.964568
0.918322
0.873727
0.982173
0.908108
0.915486
0.900759
0.894665
0.911916
0.913819
0.912824
0.902655
0.897629
0.867104
0.886507
0.879585
0.885292
0.960554
0.956499
0.874604
0.909179
0.927329
0.950988
0.907880
0.887323
0.889180
0.923721
0.885095
0.942810
0.888205
0.896856
0.932723
0.970781
0.909072
0.930402
0.903574
0.875861
0.878786
0.954417
0.930333
0.938321
0.901626
0.880294
0.880484
0.905009
0.905688
0.897686
0.937827
0.897771
0.888822
0.964307
0.980414
0.867178
0.939369
0.905821
0.890355
0.873679
0.878806
0.916877
0.969797
0.905816
0.867531
0.926255
0.901388
0.913395
0.898598
0.973417
0.932212
0.918395
0.947232
0.902796
0.897708
0.888367
0.926090
0.919799
0.943701
0.880178
0.869998
0.916125
0.919424
0.895380
0.908846
0.917078
0.898653
0.890523
0.874518
0.936931
0.901884
0.889918
0.895658
0.897341
0.948298
0.899403
0.873599
0.888656
0.867259
0.910872
0.885527
0.937554
0.879156
0.873950
0.884465
0.917834
0.899826
0.977746
0.885181
0.885090
0.878129
0.891519
0.956138
0.944960
0.933684
0.898842
0.900474
0.878884
0.937530
0.914352
0.981804
0.883685
0.966265
0.894084
0.924155
0.938266
0.945024
0.941571
0.872687
0.951764
0.893427
0.895134
0.921093
0.912562
0.907427
0.964519
0.880014
0.983001
0.958118
0.903748
0.883839
0.871133
0.947876
0.875834
0.963661
0.915651
0.914358
0.894047
0.941108
0.893995
0.984318
0.938361
0.919685
0.962798
0.877454
0.889533
0.927923
0.865687
0.875032
0.944431
0.954712
0.906945
0.881320
0.909020
0.872311
0.934128
0.902347
0.888709
0.931970
0.893744
0.942256
0.865384
0.902116
0.922210
0.876618
0.895588
0.885257
0.934869
0.938256
0.871026
0.875585
0.936296
0.953979
0.939884
0.926229
0.869097
0.874235
0.896863
0.870155
0.885465
0.882845
0.975603
0.941163
0.902560
0.905806
0.961912
0.882384
0.990355
0.882372
0.987919
0.893307
0.868963
0.864843
0.948531
0.929955
0.876814
0.883592
0.865567
0.966816
0.868231
0.871973
0.871236
0.944271
0.986098
0.956658
0.907545
0.868361
0.866976
0.970512
0.874012
0.888205
0.879191
0.871671
0.873668
0.924016
0.916184
0.868051
0.964062
0.915631
0.886284
0.962086
0.986370
0.891436
0.962728
0.946757
0.870800
0.871299
0.871993
0.871745
0.867090
0.875770
0.879482
0.873787
0.985057
0.878683
0.866553
0.906345
0.882821
0.868897
0.901813
0.893753
0.893368
0.923059
0.902835
0.905054
0.891863
0.871680
0.909947
0.886048
0.927415
0.947797
0.879906
0.926147
0.879537
0.874255
0.908956
0.886473
0.881425
0.920256
0.895015
0.884200
0.941037
0.914966
0.895006
0.939173
0.939726
0.897451
0.888325
0.868227
0.903105
0.938386
0.898330
0.950569
0.901429
0.961763
0.892957
0.944375
0.866104
0.964615
0.873196
0.930136
0.936934
0.889609
0.898337
0.986843
0.901601
0.982430
0.885713
0.926333
0.918343
0.924055
0.977179
0.899280
0.885989
0.892555
0.882338
0.871037
0.938803
0.910557
0.874781
0.885397
0.891389
0.912245
0.875191
0.943459
0.904276
0.906620
0.920684
0.906322
0.900141
0.936324
0.883139
0.881893
0.872560
0.924660
0.881163
0.912779
0.922638
0.905830
0.885832
0.887516
0.879022
0.883574
0.933056
0.903467
0.917635
0.996804
0.912625
0.897389
0.910500
0.929299
0.926876
0.961388
0.887307
0.948924
0.931533
0.940442
0.893565
0.895220
0.888993
0.945367
0.877389
0.912458
0.869870
0.886163
0.884503
0.887126
0.952559
0.968237
0.942616
0.876368
0.883118
0.866102
0.897412
0.865304
0.905493
0.868439
0.865266
0.871291
0.902421
0.911413
0.942999
0.878062
0.903364
0.873711
0.867797
0.881567
0.965644
0.897577
0.918210
0.883798
0.883917
0.941626
0.946607
0.890030
0.872069
0.872758
0.919264
0.982643
0.868854
0.900948
0.875155
0.887995
0.902921
0.911711
0.888768
0.993649
0.917614
0.889501
0.871134
0.872293
0.958262
0.960758
0.886587
0.894736
0.867755
0.890344
0.917591
0.981199
0.935198
0.883893
0.882287
0.867055
0.870045
0.870743
0.892985
0.877775
0.879244
0.865945
0.876549
0.883958
0.902705
0.888149
0.912277
0.976021
0.955392
0.958140
0.975195
0.906312
0.881838
0.868768
0.917714
0.874683
0.978880
0.963700
0.907972
0.866079
0.884492
0.876467
0.864766
0.867556
0.897894
0.882403
0.869999
0.905141
0.889452
0.899816
0.925024
0.907874
0.901553
0.949543
0.939689
0.970975
0.877295
0.893544
0.962351
0.869438
0.885610
0.954914
0.913350
0.906556
0.969360
0.880505
0.921767
0.962786
0.875113
0.879213
0.968312
0.896930
0.892602
0.968746
0.900758
0.939632
0.878320
0.908166
0.887561
0.906667
0.987561
0.864856
0.868857
0.900770
0.950059
0.949798
0.896612
0.867521
0.882301
0.889971
0.872401
0.907142
0.881092
0.926014
0.868264
0.877208
0.962086
0.928174
0.871693
0.869484
0.962147
0.867838
0.903346
0.886126
0.988682
0.970412
0.871115
0.877795
0.903517
0.895414
0.926996
0.902718
0.895662
0.935098
0.968461
0.884326
0.917948
0.891909
0.887682
0.952357
0.926011
0.897135
0.895633
0.963974
0.873291
0.900345
0.872032
0.867740
0.877159
0.879489
0.872676
0.871459
0.883063
0.914925
0.894291
0.882517
0.909927
0.902685
0.897918
0.868007
0.954253
0.874500
0.907423
0.886074
0.959418
0.902199
0.910312
0.908461
0.945842
0.951587
0.896805
0.908307
0.886312
0.943202
0.901484
0.896731
0.885296
0.911877
0.900796
0.900344
0.936969
0.912039
0.909786
0.867157
0.877628
0.968419
0.885397
0.930917
0.897689
0.927619
0.937717
0.887927
0.948293
0.888422
0.915007
0.934269
0.939180
0.876437
0.887306
0.918562
0.867291
0.929053
0.877363
0.889452
0.909118
0.919816
0.932400
0.944314
0.880857
0.879953
0.885841
0.865211
0.938091
0.946564
0.867714
0.977818
0.937929
0.889014
0.927443
0.880332
0.867498
0.904378
0.907453
0.956242
0.942750
0.874346
0.921036
0.916474
0.887124
0.975109
0.883343
0.890286
0.924813
0.898349
0.922913
0.882048
0.870530
0.897471
0.869564
0.887564
0.918712
0.891694
0.888222
0.897821
0.879229
0.891934
0.895441
0.988920
0.924631
0.872732
0.879821
0.929846
0.916184
0.931498
0.917318
0.898498
0.953463
0.885669
0.868549
0.877907
0.882991
0.887873
0.907112
0.967929
0.932252
0.879291
0.877766
0.944894
0.917737
0.883214
0.874786
0.884350
0.916013
0.900716
0.925838
0.942348
0.943255
0.871810
0.941293
0.905658
0.880359
0.866248
0.882433
0.945013
0.934682
0.951598
0.884560
0.919799
0.875845
0.889140
0.945015
0.896126
0.919087
0.892057
0.891287
0.894469
0.911081
0.908109
0.880948
0.878865
0.938621
0.892593
0.901343
0.895975
0.944521
0.876577
0.881068
0.920640
0.884457
0.867367
0.876718
0.903312
0.868983
0.896536
0.888770
0.944177
0.885774
0.914077
0.902284
0.899272
0.963162
0.887876
0.948810
0.911096
0.923138
0.879838
0.973072
0.882466
0.932419
0.877941
0.899141
0.908706
0.909894
0.960125
0.971017
0.894184
0.870296
0.877587
0.867731
0.891107
0.880582
0.880093
0.946237
0.885499
0.917739
0.876458
0.872616
0.961286
0.934201
0.913632
0.892088
0.924590
0.958580
0.880562
0.883421
0.912688
0.898075
0.880352
0.944125
0.877706
0.895604
0.884698
0.929469
0.973503
0.877998
0.923746
0.890917
0.884276
0.950161
0.894745
0.916729
0.870599
0.915497
0.900881
0.892578
0.882069
0.917711
0.902787
0.875877
0.894639
0.869962
0.906534
0.870433
0.982395
0.931548
0.890170
0.910931
0.877223
0.910207
0.894856
0.891767
0.974590
0.922320
0.870814
0.963288
0.948980
0.935285
0.884905
0.873528
0.918318
0.922476
0.932077
0.928579
0.885324
0.879841
0.871003
0.906498
0.946205
0.911823
0.923623
0.881700
0.920191
0.879297
0.888344
0.918273
0.969353
0.921171
0.879117
0.873456
0.880515
0.914255
0.902983
0.877842
0.884300
0.911763
0.872445
0.873551
0.890575
0.894163
0.883086
0.981830
0.868808
0.864787
0.926304
0.890244
0.879979
0.938716
0.950267
0.868475
0.892618
0.908858
0.886078
0.866208
0.932469
0.915563
0.920854
0.925840
0.884485
0.949393
0.943454
0.903538
0.900434
0.887707
0.923113
0.929402
0.954395
0.937821
0.948445
0.881452
0.877249
0.872223
0.880068
0.881832
0.872353
0.961281
0.912282
0.888721
0.927509
0.899165
0.893387
0.870440
0.987391
0.922353
0.872053
0.931302
0.885289
0.934282
0.898911
0.909519
0.917055
0.884170
0.867744
0.870411
0.912190
0.928673
0.941163
0.901053
0.905375
0.921772
0.925646
0.924462
0.935728
0.960043
0.963204
0.954077
0.944361
0.904877
0.879617
0.908618
0.969992
0.913151
0.917412
0.967451
0.883502
0.930174
0.923981
0.908268
0.904112
0.873517
0.871153
0.873215
0.894649
0.874391
0.879368
0.977778
0.949508
0.865784
0.898588
0.892747
0.923725
0.874251
0.868816
0.900257
0.868055
0.984267
0.890193
0.953208
0.903585
0.909258
0.897335
0.899023
0.874394
0.868239
0.893907
0.894962
0.937382
0.869483
0.966353
0.885477
0.878687
0.866832
0.895719
0.913397
0.876730
0.915673
0.910592
0.866790
0.917482
0.864803
0.895441
0.887629
0.874400
0.900873
0.934729
0.878061
0.899632
0.872258
0.869391
0.967535
0.921029
0.903651
0.893933
0.939193
0.908739
0.935267
0.878631
0.889322
0.946062
0.874054
0.916039
0.867236
0.876385
0.866119
0.917474
0.889726
0.918028
0.878327
0.892344
0.883687
0.878481
0.935141
0.911455
0.889426
0.881539
0.889997
0.906298
0.923901
0.899487
0.913265
0.917265
0.872175
0.870361
0.865481
0.958512
0.917422
0.936992
0.871736
0.972560
0.917058
0.881685
0.911668
0.921324
0.895294
0.913914
0.885980
0.930659
0.881129
0.902587
0.871945
0.903340
0.922925
0.952155
0.868914
0.865214
0.872242
0.895270
0.907094
0.938376
0.947505
0.872899
0.896838
0.972083
0.878983
0.897911
0.949994
0.943888
0.880033
0.974769
0.937538
0.945631
0.879024
0.891815
0.904366
0.914660
0.971731
0.938106
0.890040
0.877814
0.884587
0.899136
0.922819
0.969259
0.888364
0.930539
0.971778
0.897682
0.874329
0.902902
0.880558
0.984728
0.914753
0.918801
0.968179
0.940029
0.869557
0.940728
0.917871
0.885579
0.935581
0.896817
0.873319
0.978339
0.936479
0.917064
0.911954
0.930472
0.896515
0.960916
0.961949
0.924412
0.891828
0.913949
0.918400
0.923528
0.889412
0.913657
0.872262
0.901475
0.870065
0.889239
0.900298
0.923616
0.976641
0.895343
0.902886
0.867482
0.879724
0.872814
0.888925
0.982670
0.907766
0.899651
0.972259
0.888008
0.869815
0.907687
0.868181
0.903347
0.899754
0.977450
0.877300
0.941394
0.911043
0.941705
0.903653
0.957253
0.895820
0.914653
0.892601
0.902939
0.964837
0.943792
0.876487
0.957785
0.881204
0.920182
0.967944
0.898694
0.934950
0.884392
0.897222
0.887134
0.928450
0.893544
0.916542
0.938746
0.960771
0.922374
0.885572
0.892352
0.919165
0.900836
0.877432
0.879802
0.884970
0.922605
0.872426
0.924042
0.884786
0.902563
0.876750
0.879540
0.887513
0.889862
0.872357
0.908076
0.986375
0.868393
0.980065
0.933539
0.888780
0.895306
0.869020
0.867753
0.936929
0.923807
0.945910
0.925724
0.891229
0.873432
0.869213
0.992934
0.913182
0.882474
0.879594
0.950467
0.961442
0.888389
0.909319
0.878505
0.939707
0.928600
0.895330
0.872374
0.868743
0.905485
0.919857
0.868038
0.910906
0.917415
0.940709
0.955369
0.866654
0.951465
0.965859
0.941319
0.909662
0.936036
0.905341
0.959054
0.957630
0.911967
0.958449
0.903394
0.943021
0.872626
0.891436
0.931201
0.898189
0.958846
0.965670
0.881676
0.917588
0.889843
0.890576
0.924473
0.947542
0.991009
0.930698
0.896610
0.916927
0.908796
0.887388
0.920209
0.896686
0.882326
0.900955
0.977215
0.866065
0.978677
0.953141
0.962341
0.909422
0.937372
0.896314
0.892991
0.957213
0.935028
0.872782
0.889564
0.923091
0.868232
0.911224
0.887276
0.894256
0.960769
0.990231
0.881959
0.959752
0.930013
0.920580
0.907690
0.885038
0.974050
0.877985
0.925338
0.879499
0.920113
0.921938
0.881073
0.917316
0.908954
0.875254
0.877358
0.889494
0.910575
0.909577
0.881500
0.889464
0.922250
0.910990
0.865340
0.928640
0.874286
0.888088
0.872430
0.868307
0.887663
0.890950
0.974559
0.867645
0.865095
0.904249
0.888562
0.976394
0.924235
0.865862
0.877208
0.889899
0.924033
0.895569
0.974641
0.881424
0.909713
0.874764
0.910802
0.872923
0.925536
0.939312
0.899745
0.892343
0.892270
0.900658
0.870840
0.904637
0.936146
0.879002
0.909881
0.870783
0.909353
0.906359
0.873908
0.909996
0.866071
0.899989
0.906951
0.926777
0.901615
0.926378
0.867774
0.875700
0.872227
0.865364
0.894192
0.921501
0.875520
0.971088
0.936793
0.947802
0.932777
0.881483
0.880357
0.873017
0.925171
0.887389
0.916915
0.901629
0.905099
0.877426
0.910232
0.868763
0.925990
0.924888
0.916285
0.928594
0.874924
0.874835
0.897724
0.916287
0.947360
0.901875
0.935635
0.972048
0.902842
0.876153
0.916673
0.918640
0.872823
0.895413
0.903335
0.951243
0.918335
0.926904
0.986354
0.889237
0.865746
0.915802
0.939753
0.906648
0.938372
0.891890
0.912695
0.903691
0.868358
0.879044
0.880107
0.878929
0.890542
0.919260
0.942117
0.878542
0.872927
0.913436
0.875367
0.914727
0.932801
0.935493
0.882140
0.951276
0.877119
0.929862
0.931071
0.941236
0.898697
0.929733
0.874614
0.900146
0.890333
0.967817
0.980768
0.874203
0.887201
0.910602
0.917631
0.891659
0.934373
0.946677
0.910110
0.872376
0.903241
0.893086
0.887198
0.915181
0.975335
0.900290
0.879726
0.928418
0.881243
0.899795
0.913409
0.895658
0.877687
0.889323
0.880248
0.916891
0.868902
0.891619
0.870085
0.895607
0.886941
0.868669
0.908310
0.915204
0.916788
0.876745
0.975254
0.894023
0.865705
0.906766
0.904065
0.904701
0.957483
0.939899
0.872422
0.950847
0.883577
0.888527
0.913166
0.903347
0.935567
0.877370
0.956257
0.971779
0.905280
0.872509
0.912230
0.911439
0.901589
0.920843
0.979377
0.935568
0.927902
0.906019
0.893502
0.889898
0.924445
0.890665
0.929022
0.926325
0.951718
0.880663
0.879543
0.935666
0.866383
0.888330
0.919038
0.885579
0.918878
0.881278
0.935826
0.896403
0.895993
0.922335
0.892628
0.961613
0.936991
0.969722
0.903478
0.883146
0.915250
0.901299
0.866559
0.888731
0.983918
0.895921
0.921339
0.922752
0.933134
0.894050
0.893252
0.917525
0.915436
0.912882
0.895401
0.918214
0.958237
0.867728
0.961719
0.908759
0.884783
0.925275
0.972766
0.923995
0.892224
0.889228
0.914851
0.875157
0.885164
0.871287
0.895477
0.954677
0.910595
0.897943
0.879854
0.909160
0.945846
0.951971
0.880756
0.913956
0.883672
0.914568
0.880812
0.951342
0.877983
0.917349
0.904834
0.871034
0.922467
0.897423
0.918505
0.968843
0.873092
0.914075
0.917856
0.903017
0.963421
0.881687
0.918295
0.879479
0.889323
0.867332
0.871239
0.956103
0.901507
0.887311
0.899110
0.887602
0.877503
0.922011
0.958510
0.898895
0.884324
0.873797
0.887796
0.900234
0.933346
0.942288
0.909061
0.897755
0.882303
0.877888
0.893113
0.892098
0.936921
0.865195
0.947724
0.927083
0.882294
0.903002
0.960929
0.911748
0.906760
0.865442
0.901433
0.991126
0.888246
0.960269
0.887252
0.904193
0.912474
0.879860
0.967053
0.947789
0.890250
0.883059
0.887397
0.871595
0.869593
0.948681
0.907122
0.888005
0.867542
0.958341
0.923384
0.943357
0.960097
0.907248
0.907667
0.875714
0.865793
0.899741
0.929858
0.908407
0.900792
0.879024
0.907978
0.936631
0.872667
0.946478
0.885132
0.925442
0.868478
0.880501
0.908978
0.894988
0.901818
0.948534
0.904084
0.908731
0.927320
0.866486
0.949430
0.932830
0.964702
0.908200
0.912135
0.946725
0.869500
0.872542
0.864777
0.870671
0.910659
0.930076
0.917540
0.866493
0.965229
0.876437
0.940637
0.868005
0.865343
0.870700
0.931691
0.869176
0.887381
0.886197
0.900869
0.936699
0.875101
0.973334
0.888928
0.949339
0.985117
0.877958
0.915867
0.961693
0.929247
0.878350
0.934382
0.939004
0.887179
0.934615
0.953839
0.951063
0.904268
0.905499
0.956375
0.898149
0.923302
0.926331
0.902631
0.924506
0.938112
0.881059
0.932929
0.871497
0.906286
0.880311
0.953048
0.922112
0.877377
0.879412
0.907085
0.876477
0.894547
0.874654
0.870673
0.873011
0.889571
0.947890
0.960870
0.918714
0.916389
0.939486
0.905120
0.872896
0.887784
0.895571
0.909372
0.987376
0.872201
0.866980
0.923458
0.957023
0.883701
0.898229
0.993329
0.936816
0.920206
0.952576
0.899706
0.944431
0.870421
0.980601
0.994495
0.902045
0.873162
0.870556
0.913943
0.900167
0.966005
0.905464
0.871260
0.909743
0.887755
0.914790
0.922630
0.917080
0.865218
0.880838
0.916125
0.872787
0.883475
0.886449
0.865724
0.906255
0.929748
0.865558
0.886950
0.893687
0.955190
0.932743
0.880040
0.978024
0.930001
0.879914
0.899610
0.948309
0.886594
0.867773
0.887578
0.881609
0.909970
0.895611
0.937974
0.951126
0.865249
0.900837
0.903748
0.865805
0.924387
0.872331
0.874002
0.968697
0.895704
0.875140
0.901167
0.874250
0.876109
0.934942
0.906193
0.868254
0.906426
0.930182
0.866434
0.883141
0.968702
0.902008
0.872219
0.882355
0.906348
0.896797
0.902321
0.870092
0.943146
0.884292
0.969194
0.944552
0.929956
0.898939
0.947397
0.896930
0.909462
0.981916
0.892281
0.972448
0.873837
0.944722
0.871267
0.886200
0.914629
0.915999
0.890494
0.873334
0.890772
0.892688
0.893301
0.886377
0.947061
0.903062
0.908158
0.892421
0.958380
0.865925
0.899334
0.929540
0.885768
0.894726
0.910339
0.866003
0.945407
0.896047
0.898693
0.894276
0.894486
0.940412
0.890745
0.906541
0.918720
0.899039
0.941954
0.882124
0.868663
0.876060
0.892188
0.895768
0.907473
0.931499
0.926115
0.893399
0.881301
0.882127
0.932019
0.874216
0.883576
0.878530
0.950295
0.908963
0.913270
0.897483
0.910965
0.897518
0.945225
0.865128
0.941996
0.881115
0.941472
0.876302
0.932527
0.899840
0.915273
0.910994
0.925094
0.921818
0.929520
0.868720
0.869705
0.883687
0.939907
0.935811
0.918902
0.866957
0.865783
0.894178
0.876685
0.884879
0.912606
0.867045
0.943210
0.876875
0.900646
0.894395
0.914287
0.886547
0.894990
0.896505
0.906782
0.879781
0.912269
0.884925
0.921458
0.878035
0.946629
0.891465
0.948308
0.911592
0.896566
0.963486
0.944964
0.880377
0.926153
0.901991
0.882976
0.928223
0.950115
0.897114
0.990555
0.899371
0.900266
0.942430
0.916511
0.961238
0.879722
0.880346
0.880108
0.915276
0.918069
0.931094
0.942423
0.879961
0.865873
0.902614
0.895267
0.949770
0.945701
0.883205
0.898320
0.883180
0.877630
0.884381
0.901811
0.954042
0.931750
0.929148
0.914770
0.915463
0.875078
0.914249
0.868574
0.914931
0.896716
0.923010
0.906516
0.917425
0.956080
0.930735
0.881692
0.907040
0.902298
0.868425
0.931187
0.903978
0.907911
0.874684
0.891634
0.893095
0.894978
0.938629
0.917780
0.912317
0.869102
0.871933
0.901002
0.941037
0.944273
0.869368
0.896931
0.980120
0.921883
0.902121
0.912639
0.870501
0.875470
0.872050
0.927385
0.867952
0.946585
0.969111
0.911894
0.888650
0.864848
0.888206
0.942526
0.908180
0.900569
0.877336
0.960705
0.949005
0.977703
0.908873
0.898566
0.867217
0.920065
0.957884
0.947156
0.902557
0.977136
0.884174
0.900550
0.918606
0.931588
0.867629
0.928731
0.956731
0.875189
0.898254
0.968483
0.989269
0.893669
0.906426
0.888134
0.893902
0.945794
0.874234
0.962959
0.886753
0.887983
0.945999
0.875801
0.885785
0.894074
0.913985
0.888820
0.867298
0.904227
0.876901
0.906249
0.901536
0.898742
0.980923
0.872249
0.877798
0.866261
0.944467
0.870363
0.876922
0.884086
0.866587
0.876455
0.919833
0.909229
0.902729
0.867021
0.894275
0.916555
0.972799
0.924589
0.965425
0.939535
0.947117
0.880666
0.878032
0.899028
0.908974
0.880960
0.967565
0.928422
0.931852
0.896331
0.875997
0.929232
0.906449
0.890481
0.932334
0.891208
0.897606
0.962434
0.916597
0.900161
0.870870
0.884316
0.865066
0.911566
0.887081
0.894790
0.878412
0.883851
0.870555
0.873592
0.869055
0.964827
0.890895
0.882922
0.893078
0.956710
0.902214
0.888266
0.916349
0.880810
0.929886
0.936293
0.970020
0.883091
0.873300
0.925990
0.915219
0.909325
0.917002
0.881072
0.865131
0.927561
0.904026
0.865533
0.885685
0.939617
0.895909
0.902348
0.869093
0.903691
0.915151
0.873638
0.897470
0.971935
0.893421
0.939757
0.948409
0.948956
0.873061
0.901719
0.870340
0.947904
0.882878
0.866919
0.872009
0.892972
0.930198
0.927516
0.963105
0.891552
0.967102
0.964854
0.869584
0.898544
0.968363
0.891553
0.881935
0.891208
0.945401
0.887038
0.947128
0.899102
0.897960
0.884640
0.895272
0.941216
0.869857
0.883254
0.922148
0.878612
0.929480
0.932494
0.867905
0.980633
0.937135
0.875440
0.891234
0.906062
0.950466
0.885147
0.952360
0.940537
0.879889
0.968979
0.882402
0.875793
0.887204
0.902774
0.905408
0.874684
0.937569
0.891635
0.913001
0.880376
0.917931
0.985128
0.866713
0.926809
0.882310
0.925766
0.957853
0.977454
0.899662
0.969836
0.970278
0.881595
0.871839
0.887246
0.932707
0.976270
0.912885
0.917551
0.935977
0.939173
0.911908
0.866104
0.971508
0.953444
0.904787
0.901211
0.866316
0.886144
0.943549
0.915592
0.905356
0.900390
0.914292
0.908310
0.876392
0.946325
0.882026
0.869404
0.941782
0.924701
0.865966
0.934634
0.962933
0.873214
0.869669
0.923173
0.871013
0.920883
0.887305
0.950796
0.900202
0.953689
0.954904
0.896215
0.934333
0.894647
0.952936
0.937806
0.924193
0.926503
0.895154
0.878739
0.876211
0.995217
0.930749
0.889153
0.946112
0.980055
0.894992
0.920670
0.922104
0.896674
0.897210
0.913734
0.908156
0.903894
0.884483
0.917797
0.875517
0.912087
0.904196
0.915502
0.900635
0.894113
0.866167
0.880897
0.936789
0.957449
0.865636
0.901297
0.915075
0.896411
0.921700
0.935035
0.896301
0.895470
0.871518
0.883135
0.893584
0.903986
0.959566
0.868121
0.960259
0.889543
0.919265
0.899927
0.944129
0.960673
0.870493
0.982627
0.903692
0.912622
0.913735
0.971140
0.976950
0.916112
0.877450
0.932718
0.905937
0.878524
0.880546
0.873271
0.915316
0.954345
0.955671
0.866116
0.885935
0.987470
0.884819
0.922414
0.903172
0.877928
0.928614
0.895334
0.906263
0.892231
0.948482
0.890876
0.885280
0.966676
0.889501
0.935810
0.906484
0.963448
0.929621
0.903685
0.908494
0.959306
0.882512
0.868771
0.871889
0.901222
0.877666
0.927418
0.891182
0.869882
0.930162
0.919150
0.869280
0.865301
0.887945
0.909735
0.878634
0.867138
0.971944
0.927884
0.895354
0.941338
0.869199
0.923869
0.932534
0.895104
0.900420
0.884687
0.888918
0.878060
0.934746
0.951042
0.871448
0.865607
0.963912
0.879077
0.902517
0.872454
0.960317
0.944966
0.878004
0.919676
0.902197
0.883145
0.920752
0.938307
0.940948
0.948093
0.943940
0.934622
0.911146
0.881284
0.912162
0.918218
0.960330
0.889242
0.866991
0.892809
0.914861
0.891764
0.910313
0.892731
0.881207
0.920920
0.893922
0.875846
0.949401
0.950605
0.884386
0.935696
0.926050
0.900331
0.897107
0.877387
0.927382
0.870126
0.977100
0.906403
0.964703
0.939443
0.885830
0.904392
0.866731
0.950659
0.874186
0.968083
0.878749
0.876692
0.888158
0.939710
0.907240
0.952705
0.876949
0.933663
0.907856
0.910120
0.961281
0.894877
0.897441
0.878075
0.876769
0.873561
0.919477
0.913645
0.887283
0.891569
0.922484
0.884980
0.953074
0.914826
0.870013
0.876563
0.871955
0.872165
0.867066
0.882063
0.868241
0.881435
0.896085
0.892513
0.866987
0.967029
0.882568
0.879508
0.925921
0.937032
0.934570
0.916413
0.877461
0.878347
0.940528
0.890977
0.888328
0.899896
0.967945
0.917174
0.941157
0.916117
0.957879
0.924737
0.880455
0.981151
0.949150
0.888776
0.870783
0.955938
0.910757
0.874534
0.873513
0.978857
0.905240
0.876001
0.960832
0.933262
0.892397
0.916204
0.908245
0.874066
0.881642
0.928452
0.888900
0.867541
0.869596
0.919389
0.903820
0.865714
0.884421
0.887247
0.917821
0.876985
0.992120
0.947763
0.875550
0.948543
0.877120
0.882232
0.932256
0.931093
0.893721
0.952329
0.927922
0.955740
0.867153
0.917967
0.919919
0.895544
0.882735
0.878214
0.908050
0.902819
0.959561
0.950176
0.906866
0.981976
0.905234
0.866118
0.993528
0.936570
0.888995
0.917567
0.971011
0.888716
0.902409
0.872218
0.877395
0.920578
0.890996
0.963868
0.894852
0.930276
0.940183
0.872519
0.917414
0.946049
0.931698
0.884964
0.882434
0.989969
0.901260
0.937064
0.902303
0.893300
0.919730
0.865024
0.891788
0.875807
0.866481
0.891595
0.966360
0.891217
0.984794
0.955593
0.923174
0.901232
0.864722
0.948828
0.873260
0.891067
0.937358
0.906173
0.870664
0.913385
0.917908
0.927663
0.897957
0.893209
0.987737
0.923066
0.892739
0.900502
0.900603
0.947713
0.945510
0.872238
0.948650
0.878843
0.884107
0.953647
0.909917
0.879323
0.881753
0.908643
0.871412
0.960389
0.865459
0.871472
0.935289
0.874108
0.899649
0.909936
0.920398
0.907899
0.875045
0.885651
0.882888
0.912189
0.921487
0.882247
0.883254
0.867075
0.926176
0.927931
0.954311
0.908244
0.943420
0.931266
0.930845
0.871033
0.917097
0.886433
0.886510
0.949604
0.945890
0.894647
0.935900
0.947908
0.903548
0.908916
0.984295
0.967477
0.871906
0.918864
0.902325
0.882927
0.963351
0.929715
0.944311
0.913355
0.977863
0.870652
0.917169
0.922928
0.939923
0.905404
0.880170
0.917474
0.883069
0.971259
0.928394
0.952776
0.882853
0.865809
0.930936
0.870960
0.896121
0.905773
0.967607
0.957831
0.868946
0.964001
0.946746
0.876439
0.911236
0.888751
0.896763
0.903968
0.868408
0.882701
0.870657
0.866559
0.889662
0.927372
0.926306
0.874367
0.880739
0.961601
0.934590
0.902120
0.952036
0.903016
0.891324
0.873414
0.904619
0.871235
0.880168
0.960341
0.915481
0.875867
0.942111
0.922521
0.870752
0.921342
0.945642
0.920827
0.984257
0.883327
0.875539
0.867470
0.904837
0.882083
0.869405
0.946011
0.970610
0.935422
0.980436
0.877171
0.924869
0.931727
0.920302
0.910864
0.881395
0.865232
0.924810
0.930364
0.871831
0.958799
0.919863
0.927508
0.869208
0.901141
0.893896
0.875518
0.873666
0.880782
0.941275
0.872689
0.902482
0.975029
0.875675
0.984182
0.879468
0.880853
0.943742
0.875936
0.992880
0.940437
0.889713
0.924532
0.909397
0.985878
0.883207
0.937068
0.993202
0.968719
0.906141
0.871651
0.948269
0.876584
0.941579
0.961699
0.918214
0.878876
0.869759
0.934171
0.897197
0.954220
0.952821
0.958017
0.947853
0.867024
0.955136
0.868671
0.883540
0.928043
0.880319
0.883322
0.906590
0.909606
0.968481
0.869868
0.908509
0.879029
0.949215
0.908257
0.875050
0.893282
0.918916
0.864764
0.908871
0.900062
0.962052
0.877552
0.920357
0.990661
0.968198
0.869956
0.953277
0.943103
0.981070
0.929983
0.948969
0.951306
0.938080
0.872850
0.913116
0.865250
0.892924
0.872429
0.910483
0.888382
0.877963
0.872001
0.906314
0.867817
0.919471
0.922064
0.897310
0.885722
0.922237
0.976887
0.931214
0.913472
0.875390
0.894765
0.912969
0.871396
0.901663
0.901221
0.961781
0.899857
0.878923
0.936244
0.888646
0.986651
0.956224
0.959590
0.995501
0.884322
0.866182
0.910371
0.913256
0.879647
0.921887
0.872322
0.883204
0.887810
0.936281
0.923377
0.914382
0.899465
0.919967
0.890173
0.867356
0.939855
0.930568
0.917217
0.957095
0.879621
0.871118
0.942542
0.921234
0.886182
0.914173
0.983027
0.885402
0.903654
0.956170
0.885314
0.934057
0.961107
0.946420
0.891037
0.873519
0.905277
0.900707
0.893589
0.943050
0.882021
0.868873
0.897171
0.924431
0.927309
0.934273
0.929364
0.905653
0.904392
0.891176
0.896355
0.927087
0.899315
0.881494
0.892667
0.930889
0.944373
0.891334
0.866175
0.888748
0.882828
0.887100
0.870673
0.876541
0.875031
0.898596
0.886317
0.920792
0.957266
0.922984
0.902444
0.874520
0.930644
0.957866
0.943961
0.899530
0.921927
0.909834
0.973923
0.876565
0.959297
0.893125
0.952705
0.891399
0.915441
0.882709
0.871274
0.898784
0.914854
0.872863
0.934381
0.948391
0.897070
0.947888
0.866188
0.911139
0.885989
0.888135
0.880962
0.878244
0.988610
0.926708
0.889301
0.929715
0.915460
0.875925
0.877386
0.884925
0.927828
0.874644
0.899189
0.917141
0.906081
0.888646
0.981449
0.873624
0.911450
0.869944
0.911118
0.877155
0.878497
0.889520
0.866754
0.916084
0.877846
0.868302
0.877778
0.901998
0.892564
0.896112
0.921812
0.891962
0.872861
0.992787
0.871112
0.929320
0.875715
0.884541
0.864952
0.951627
0.896418
0.899575
0.904054
0.964866
0.935430
0.902277
0.868831
0.890408
0.909730
0.917600
0.906269
0.932206
0.973925
0.909312
0.892121
0.875094
0.914836
0.909113
0.916993
0.978095
0.972844
0.885967
0.889763
0.869993
0.885739
0.897781
0.940151
0.899071
0.926083
0.940803
0.888078
0.872748
0.883426
0.941549
0.867987
0.866738
0.886131
0.872261
0.892979
0.947092
0.930781
0.956144
0.914004
0.926033
0.899264
0.973214
0.947493
0.868089
0.905248
0.901780
0.866282
0.901433
0.934158
0.891755
0.908887
0.868126
0.937952
0.890989
0.903762
0.903492
0.875953
0.941070
0.915199
0.896746
0.916999
0.920609
0.899478
0.960760
0.934392
0.943058
0.934128
0.904629
0.928127
0.891675
0.879307
0.876253
0.888412
0.868380
0.880007
0.944196
0.906966
0.881834
0.886733
0.886024
0.914183
0.946940
0.890156
0.894102
0.878762
0.945120
0.952962
0.891507
0.919474
0.903027
0.935840
0.884355
0.874674
0.880748
0.877879
0.958824
0.867851
0.969391
0.896120
0.934322
0.887433
0.916081
0.963787
0.917493
0.922215
0.874661
0.900393
0.878732
0.893429
0.933401
0.903145
0.979846
0.914849
0.944046
0.892201
0.939719
0.921625
0.882386
0.875886
0.887630
0.929849
0.965284
0.912335
0.951915
0.875798
0.934555
0.936694
0.879277
0.927751
0.878350
0.976084
0.866242
0.940624
0.956602
0.920106
0.902143
0.867361
0.872311
0.922758
0.896875
0.950763
0.876116
0.894924
0.901638
0.987256
0.934076
0.884636
0.920596
0.865170
0.898031
0.975171
0.930829
0.892284
0.908887
0.915757
0.906654
0.887819
0.894622
0.929489
0.866566
0.912893
0.925544
0.868166
0.894581
0.913819
0.926193
0.951281
0.918118
0.941379
0.908677
0.868321
0.923444
0.926709
0.899676
0.875357
0.925609
0.879955
0.897389
0.891193
0.880525
0.948902
0.888396
0.972735
0.880778
0.950590
0.911455
0.932092
0.877419
0.974919
0.902105
0.879522
0.909354
0.877008
0.883469
0.968154
0.934896
0.973329
0.941796
0.895390
0.935596
0.891705
0.900165
0.899957
0.869236
0.958572
0.914978
0.934292
0.873008
0.866741
0.872892
0.890065
0.954688
0.898529
0.886734
0.872458
0.887139
0.951484
0.949375
0.902799
0.945384
0.889790
0.924851
0.894172
0.905355
0.969813
0.889484
0.885125
0.959718
0.875094
0.923686
0.924037
0.905060
0.874338
0.874385
0.911698
0.867686
0.931501
0.889933
0.876232
0.935701
0.900222
0.904665
0.921339
0.955997
0.939981
0.935666
0.878864
0.922824
0.918135
0.923800
0.905454
0.976925
0.892978
0.957305
0.902583
0.888802
0.881524
0.933888
0.881731
0.893592
0.899031
0.962021
0.955050
0.912422
0.868770
0.900916
0.917167
0.940017
0.939860
0.937836
0.912067
0.883499
0.886189
0.882018
0.875466
0.871332
0.865617
0.891064
0.935225
0.919720
0.867059
0.885393
0.916470
0.896022
0.877699
0.871674
0.930280
0.896662
0.949774
0.976917
0.939291
0.887229
0.955556
0.924461
0.954485
0.970319
0.875405
0.905485
0.933075
0.971276
0.886875
0.889496
0.880011
0.913775
0.911596
0.892341
0.924671
0.913061
0.928293
0.900651
0.881664
0.932921
0.931521
0.948376
0.876262
0.963512
0.971419
0.956914
0.890410
0.942211
0.951120
0.874718
0.873284
0.933936
0.944447
0.865358
0.927575
0.982844
0.906480
0.901388
0.966543
0.943187
0.939835
0.875433
0.896741
0.893064
0.906236
0.872184
0.973962
0.881959
0.911166
0.878833
0.989153
0.887836
0.868294
0.875787
0.882050
0.865229
0.868527
0.912784
0.943545
0.963138
0.929385
0.969529
0.924348
0.910152
0.972770
0.895269
0.908529
0.902596
0.951242
0.902602
0.887239
0.922558
0.918222
0.928853
0.867968
0.875584
0.944473
0.865425
0.894656
0.895240
0.879683
0.894099
0.927613
0.883781
0.908741
0.971078
0.884439
0.914574
0.908114
0.871386
0.906960
0.884114
0.867825
0.880085
0.943550
0.865050
0.916139
0.892512
0.903132
0.902994
0.947805
0.938494
0.875874
0.902985
0.905953
0.879484
0.918910
0.890784
0.880338
0.867061
0.932271
0.897631
0.897179
0.900868
0.924697
0.975820
0.896735
0.973365
0.911218
0.971875
0.868657
0.871397
0.880750
0.871916
0.887738
0.868063
0.872322
0.963670
0.896824
0.914155
0.896415
0.884373
0.894395
0.911560
0.933173
0.958992
0.936517
0.894922
0.883339
0.994222
0.898026
0.865104
0.897468
0.948472
0.901469
0.872786
0.943081
0.954652
0.870028
0.894539
0.946638
0.874190
0.903329
0.869355
0.882024
0.939731
0.872879
0.890894
0.929628
0.907862
0.969049
0.874771
0.940475
0.889953
0.927971
0.910506
0.882561
0.903988
0.972892
0.904679
0.903814
0.894485
0.905304
0.961937
0.882575
0.981023
0.867214
0.869507
0.950842
0.872684
0.900829
0.927446
0.882859
0.970599
0.936624
0.903436
0.932942
0.956866
0.946026
0.902794
0.898265
0.937782
0.917443
0.882131
0.873582
0.890438
0.940111
0.892959
0.946089
0.934262
0.952797
0.889736
0.875682
0.894192
0.883351
0.895464
0.892503
0.886319
0.901814
0.881796
0.895994
0.965946
0.969661
0.921110
0.955010
0.929737
0.875308
0.919248
0.917553
0.987928
0.873628
0.869052
0.936621
0.933143
0.887195
0.958980
0.871650
0.872283
0.885369
0.967375
0.951860
0.876031
0.885011
0.866687
0.909181
0.907730
0.898095
0.961425
0.944129
0.958655
0.875661
0.881937
0.946436
0.872013
0.957026
0.930048
0.945211
0.868110
0.893163
0.901008
0.867559
0.904772
0.907096
0.943062
0.883646
0.944859
0.929825
0.891851
0.967806
0.865594
0.887037
0.942087
0.877046
0.912436
0.946984
0.928935
0.872795
0.885130
0.919141
0.968581
0.877915
0.939315
0.877828
0.866682
0.958195
0.870490
0.934035
0.931083
0.874095
0.874439
0.879381
0.877211
0.919265
0.930255
0.998121
0.958278
0.911091
0.929800
0.884082
0.905441
0.931609
0.911220
0.889116
0.961538
0.875303
0.877094
0.919195
0.884177
0.900073
0.885686
0.879991
0.918917
0.870577
0.895059
0.922330
0.986492
0.902688
0.898098
0.929772
0.916297
0.911491
0.965865
0.938618
0.880200
0.922349
0.938589
0.873143
0.881955
0.906729
0.894104
0.932471
0.884342
0.972065
0.870171
0.878114
0.872212
0.883185
0.944593
0.893092
0.927092
0.872966
0.913306
0.890958
0.879283
0.985412
0.866124
0.878530
0.901600
0.900045
0.962969
0.870815
0.866490
0.949636
0.953730
0.882267
0.907447
0.923109
0.892119
0.935308
0.879121
0.932645
0.906484
0.901650
0.927082
0.914647
0.921176
0.942283
0.948861
0.903651
0.878507
0.910944
0.915707
0.937066
0.961201
0.942016
0.935397
0.966646
0.865400
0.882288
0.894627
0.965755
0.889414
0.896982
0.939097
0.880125
0.921525
0.889206
0.955653
0.866596
0.871702
0.871243
0.936616
0.916995
0.910919
0.903384
0.880941
0.881052
0.887457
0.870423
0.928472
0.904550
0.919966
0.889449
0.885669
0.911057
0.875165
0.868680
0.905009
0.875963
0.886927
0.957442
0.871323
0.918152
0.888537
0.955826
0.947527
0.983673
0.880724
0.931297
0.865601
0.888774
0.945385
0.938640
0.969250
0.895509
0.885546
0.877035
0.917833
0.913687
0.883402
0.891061
0.871312
0.958953
0.924015
0.893621
0.902042
0.944848
0.898778
0.982583
0.989455
0.931328
0.954016
0.870892
0.893160
0.879424
0.982544
0.880970
0.878324
0.879454
0.976068
0.879366
0.907334
0.940372
0.998614
0.902365
0.879693
0.885538
0.920392
0.946059
0.952716
0.959789
0.878438
0.978073
0.942539
0.952721
0.891385
0.886433
0.927357
0.938946
0.885105
0.926595
0.908112
0.876245
0.938831
0.960725
0.892584
0.936389
0.874657
0.910403
0.983813
0.872393
0.934696
0.905931
0.960969
0.934681
0.991877
0.873520
0.868212
0.919979
0.975686
0.964108
0.910444
0.876030
0.957940
0.893595
0.867321
0.883525
0.923163
0.932433
0.868494
0.971909
0.900233
0.913851
0.873096
0.882974
0.905320
0.903423
0.866803
0.920254
0.868262
0.865823
0.934218
0.942521
0.907605
0.923511
0.912992
0.907249
0.940567
0.918619
0.877500
0.935786
0.911056
0.931364
0.965703
0.901613
0.873379
0.978448
0.929781
0.939823
0.929079
0.937478
0.933589
0.877594
0.893554
0.953103
0.898203
0.955511
0.892639
0.901063
0.908684
0.897211
0.902654
0.887457
0.882231
0.865787
0.985827
0.944105
0.908894
0.938901
0.901273
0.929354
0.911363
0.867116
0.901503
0.904959
0.905013
0.913866
0.902546
0.881876
0.894927
0.879472
0.866350
0.875699
0.894195
0.895705
0.867146
0.943064
0.886613
0.895784
0.885850
0.946337
0.944224
0.935263
0.875318
0.869691
0.937644
0.874515
0.957703
0.889598
0.965884
0.892594
0.868930
0.905024
0.895700
0.907450
0.865638
0.960183
0.873570
0.903902
0.875346
0.906676
0.926202
0.877178
0.923551
0.871001
0.912553
0.928035
0.960415
0.953223
0.873351
0.879181
0.928812
0.971100
0.978265
0.952066
0.866525
0.933964
0.865672
0.964097
0.871356
0.970128
0.886752
0.875851
0.900437
0.926598
0.924749
0.901764
0.916494
0.942279
0.976138
0.935222
0.890269
0.922440
0.968921
0.866263
0.934115
0.907194
0.931088
0.923138
0.896072
0.950270
0.953209
0.874028
0.942483
0.948408
0.865217
0.947007
0.916200
0.866228
0.935990
0.927501
0.978280
0.869914
0.951489
0.898096
0.936798
0.910468
0.958538
0.895273
0.893474
0.952161
0.876858
0.928775
0.908873
0.872996
0.931861
0.887550
0.919830
0.903089
0.984601
0.868743
0.891075
0.950741
0.878421
0.876821
0.928668
0.879035
0.865906
0.889951
0.880787
0.938658
0.868217
0.878824
0.951323
0.962524
0.917826
0.920225
0.902941
0.907959
0.868350
0.950477
0.896269
0.880919
0.913250
0.972639
0.890481
0.889689
0.884269
0.989698
0.943039
0.883249
0.868340
0.877080
0.873283
0.882525
0.890608
0.946803
0.899416
0.892147
0.877768
0.922455
0.875923
0.881713
0.951202
0.866716
0.875919
0.904429
0.923757
0.919371
0.867315
0.930508
0.905376
0.899751
0.973662
0.871629
0.896084
0.887358
0.898353
0.923342
0.886888
0.883481
0.965480
0.891312
0.898165
0.868665
0.914573
0.936585
0.958010
0.868035
0.874885
0.870757
0.928498
0.887159
0.888735
0.913433
0.889628
0.902735
0.871052
0.865854
0.873661
0.873836
0.932855
0.918763
0.912527
0.927874
0.930985
0.988407
0.866245
0.877137
0.922470
0.888784
0.898234
0.915132
0.923407
0.950899
0.921669
0.885264
0.919798
0.911124
0.889259
0.938596
0.920709
0.868182
0.871534
0.981255
0.919042
0.898167
0.900945
0.930242
0.899753
0.913642
0.950323
0.879344
0.881437
0.899405
0.961995
0.977535
0.898739
0.968077
0.875100
0.872467
0.884293
0.912590
0.928226
0.969358
0.899743
0.893758
0.881243
0.871611
0.970492
0.910272
0.955971
0.915396
0.915670
0.988754
0.913345
0.883099
0.897548
0.868391
0.985295
0.952775
0.919607
0.948192
0.870431
0.953046
0.886848
0.864972
0.947949
0.931141
0.969406
0.864688
0.948130
0.880317
0.912627
0.911444
0.876456
0.867013
0.971472
0.894878
0.874088
0.958957
0.971964
0.866612
0.905966
0.911132
0.866139
0.872127
0.943012
0.899503
0.876077
0.941145
0.888960
0.940803
0.921591
0.896066
0.924442
0.974787
0.896466
0.908249
0.926671
0.892041
0.908283
0.910180
0.912458
0.873327
0.873866
0.932096
0.875839
0.870680
0.874854
0.886184
0.990378
0.871752
0.888507
0.905475
0.922350
0.890301
0.916508
0.903682
0.938211
0.936659
0.887124
0.872926
0.913303
0.976056
0.907078
0.884998
0.965229
0.967781
0.942310
0.918845
0.887336
0.891648
0.878947
0.954820
0.902684
0.889329
0.918439
0.918939
0.896772
0.936770
0.965225
0.896324
0.953848
0.883209
0.963013
0.909670
0.914219
0.908683
0.867952
0.894282
0.888865
0.891087
0.905088
0.960608
0.888486
0.867174
0.878439
0.883191
0.980890
0.865444
0.956240
0.885727
0.892623
0.871280
0.877120
0.948187
0.897524
0.941381
0.903795
0.946692
0.913778
0.897703
0.883422
0.902203
0.923914
0.877695
0.866869
0.885338
0.929419
0.870212
0.922489
0.868347
0.898062
0.877459
0.976152
0.932836
0.880236
0.876121
0.865258
0.878721
0.876973
0.958113
0.902781
0.908624
0.997221
0.921035
0.894956
0.897487
0.901656
0.955571
0.884455
0.869211
0.888471
0.907126
0.908597
0.864990
0.927417
0.911894
0.885722
0.898758
0.920679
0.972579
0.903735
0.870837
0.874428
0.900825
0.946349
0.891390
0.917139
0.947865
0.909506
0.939288
0.933122
0.867182
0.890293
0.933065
0.925432
0.931050
0.877569
0.876582
0.917975
0.899878
0.881585
0.970825
0.981715
0.936274
0.972372
0.925149
0.891264
0.882429
0.874093
0.865406
0.879274
0.917513
0.871614
0.890330
0.871005
0.967663
0.925785
0.927957
0.938650
0.882966
0.905787
0.909245
0.885886
0.949048
0.887231
0.983669
0.914267
0.903095
0.875506
0.881348
0.966844
0.894146
0.877814
0.962137
0.876444
0.874729
0.916117
0.906330
0.894170
0.932373
0.907405
0.913633
0.893335
0.917896
0.965780
0.901503
0.911757
0.918276
0.877968
0.892526
0.954611
0.926161
0.961642
0.877191
0.910288
0.880886
0.876110
0.875909
0.927453
0.888054
0.894353
0.920236
0.926370
0.911824
0.911705
0.951299
0.928221
0.878212
0.894426
0.872124
0.966985
0.962530
0.925866
0.888342
0.909750
0.918349
0.937925
0.873778
0.884476
0.979277
0.904256
0.875880
0.923308
0.896858
0.889672
0.881975
0.919311
0.904054
0.895058
0.891493
0.941504
0.937884
0.865330
0.905962
0.892141
0.912729
0.894100
0.870440
0.935712
0.936399
0.878253
0.927731
0.926183
0.955249
0.866995
0.883406
0.906890
0.943185
0.894121
0.939176
0.939523
0.954596
0.971896
0.902332
0.887307
0.886148
0.928212
0.970086
0.937934
0.872853
0.887445
0.914713
0.958659
0.888246
0.873047
0.884490
0.957696
0.905046
0.891314
0.923042
0.885714
0.908789
0.894428
0.986050
0.898402
0.897433
0.882575
0.973999
0.882748
0.918248
0.933851
0.868070
0.906486
0.928128
0.907108
0.944062
0.865361
0.882602
0.936566
0.939467
0.892144
0.870801
0.895414
0.884492
0.895761
0.906515
0.908518
0.887504
0.866749
0.956802
0.983805
0.888191
0.899077
0.893193
0.887324
0.953181
0.939900
0.909617
0.946446
0.868243
0.878129
0.914890
0.871743
0.927324
0.888603
0.917762
0.908290
0.889450
0.952780
0.888489
0.873962
0.882260
0.896021
0.907760
0.905718
0.942020
0.868669
0.868630
0.873441
0.870818
0.971567
0.872409
0.895724
0.895148
0.903194
0.927516
0.885170
0.886055
0.884143
0.873295
0.890329
0.900202
0.929415
0.899194
0.876544
0.868123
0.869904
0.926948
0.893712
0.971036
0.866691
0.905834
0.878750
0.898672
0.868184
0.927370
0.883257
0.872299
0.935058
0.893555
0.878839
0.929106
0.903594
0.914924
0.873430
0.981294
0.888233
0.895644
0.884530
0.912828
0.907109
0.916063
0.867491
0.883335
0.868824
0.879648
0.887365
0.874236
0.961199
0.924712
0.870944
0.968996
0.879437
0.885801
0.894035
0.883401
0.999103
0.919118
0.892355
0.935052
0.866313
0.910828
0.903853
0.905921
0.876754
0.916643
0.904079
0.903223
0.866438
0.935050
0.869751
0.909713
0.893869
0.872690
0.941290
0.899226
0.888749
0.872982
0.912500
0.882177
0.940956
0.922566
0.878166
0.865755
0.973133
0.911929
0.884668
0.973118
0.880424
0.918925
0.929708
0.882292
0.879481
0.880899
0.933740
0.893235
0.946916
0.883419
0.950513
0.951616
0.866547
0.966864
0.897566
0.896280
0.868448
0.881934
0.949034
0.893384
0.891568
0.898739
0.916731
0.876534
0.872525
0.941164
0.877731
0.869724
0.894084
0.900323
0.866980
0.915142
0.871514
0.934276
0.947651
0.887226
0.986248
0.915556
0.923834
0.945163
0.950946
0.909169
0.926869
0.956409
0.903314
0.874140
0.887492
0.908685
0.892926
0.876487
0.962719
0.929951
0.915184
0.908767
0.957164
0.928390
0.891440
0.870444
0.938485
0.931533
0.908323
0.943761
0.890965
0.918773
0.913499
0.879049
0.968375
0.912413
0.941312
0.917529
0.896663
0.923511
0.877315
0.873403
0.911962
0.921999
0.883587
0.954250
0.879906
0.918140
0.868286
0.874252
0.892260
0.921091
0.923708
0.884056
0.893442
0.867314
0.890858
0.876960
0.936930
0.955268
0.864717
0.874038
0.907271
0.913580
0.889637
0.902026
0.876955
0.875003
0.871936
0.913380
0.943793
0.885386
0.927792
0.895550
0.969918
0.978779
0.885970
0.876195
0.915434
0.890292
0.886755
0.978934
0.864861
0.981855
0.882158
0.893692
0.866079
0.913495
0.909863
0.940025
0.902614
0.909941
0.966119
0.865528
0.875184
0.884553
0.903222
0.888630
0.896866
0.913682
0.960116
0.882544
0.952340
0.917509
0.920062
0.943641
0.914823
0.967177
0.986276
0.879973
0.885487
0.885926
0.878138
0.885720
0.884492
0.897915
0.922245
0.886152
0.866193
0.880960
0.871321
0.904749
0.937028
0.866935
0.905979
0.964946
0.887223
0.865070
0.883243
0.929010
0.914320
0.876619
0.977202
0.901956
0.939074
0.916875
0.886912
0.895276
0.910629
0.886082
0.915989
0.947230
0.912396
0.940062
0.874124
0.948030
0.881620
0.940209
0.874851
0.883369
0.866788
0.882081
0.933971
0.941732
0.884694
0.885110
0.932000
0.912259
0.885588
0.864885
0.887137
0.954004
0.876860
0.884857
0.891703
0.976343
0.956964
0.921251
0.892638
0.900807
0.970621
0.983600
0.887643
0.907601
0.937859
0.899237
0.893989
0.866301
0.882833
0.907345
0.885272
0.885293
0.935392
0.867628
0.871342
0.867827
0.888615
0.946509
0.917219
0.915258
0.947068
0.964290
0.903580
0.865966
0.879446
0.947949
0.985538
0.871995
0.905603
0.891668
0.911068
0.901137
0.890433
0.952911
0.864680
0.874038
0.888777
0.894009
0.875798
0.911779
0.961226
0.898644
0.948765
0.924650
0.902635
0.970633
0.930489
0.940244
0.938978
0.891905
0.896308
0.919219
0.886159
0.958370
0.921419
0.904202
0.933349
0.920099
0.914871
0.884444
0.865389
0.876891
0.930636
0.891330
0.868192
0.930666
0.903253
0.893097
0.873346
0.919561
0.970077
0.867543
0.870603
0.940666
0.929952
0.911074
0.933797
0.901316
0.892862
0.909963
0.944256
0.937430
0.879037
0.873244
0.924846
0.950086
0.916761
0.899549
0.905790
0.880938
0.928390
0.906834
0.895043
0.900304
0.953379
0.899632
0.878565
0.892606
0.943554
0.888321
0.865821
0.936113
0.891828
0.871813
0.912810
0.871128
0.922385
0.890524
0.910384
0.867702
0.957859
0.894461
0.944304
0.871906
0.905714
0.906458
0.975838
0.874227
0.977088
0.902740
0.891931
0.924814
0.865317
0.933825
0.875131
0.955309
0.879780
0.890350
0.883678
0.867188
0.921389
0.885026
0.941649
0.866280
0.893532
0.895086
0.872825
0.868245
0.931617
0.923262
0.871367
0.919675
0.869512
0.963491
0.932587
0.912814
0.899585
0.928388
0.928554
0.897005
0.879220
0.870449
0.872481
0.879952
0.946644
0.883649
0.871903
0.868472
0.914882
0.892186
0.871070
0.884134
0.919208
0.958620
0.886026
0.866348
0.887221
0.895847
0.869975
0.868108
0.870630
0.876966
0.925623
0.875710
0.871663
0.899619
0.931197
0.909238
0.876693
0.900811
0.976975
0.892870
0.908862
0.870419
0.912979
0.894392
0.890396
0.924728
0.899317
0.969298
0.868509
0.908106
0.880136
0.925828
0.899220
0.904911
0.928946
0.932470
0.960324
0.939671
0.939667
0.864683
0.978522
0.904230
0.875729
0.869878
0.969459
0.956855
0.917213
0.872967
0.891834
0.914070
0.903571
0.958885
0.923453
0.870110
0.886671
0.866312
0.935027
0.931700
0.977651
0.943470
0.885504
0.878070
0.906741
0.929641
0.925212
0.882757
0.902478
0.915339
0.868146
0.885324
0.915368
0.866409
0.936699
0.934500
0.871693
0.929717
0.921567
0.929284
0.947450
0.866390
0.888714
0.890181
0.964979
0.864929
0.896967
0.881383
0.866580
0.878191
0.979527
0.864721
0.865713
0.883688
0.878132
0.908269
0.987227
0.953856
0.937994
0.901645
0.903580
0.946014
0.932853
0.871706
0.950548
0.907719
0.950665
0.975660
0.884002
0.907341
0.925212
0.872654
0.909879
0.865919
0.900193
0.903314
0.866186
0.952443
0.928568
0.868123
0.869237
0.925692
0.868181
0.870322
0.972900
0.882049
0.916841
0.970041
0.873344
0.896269
0.897183
0.916197
0.883062
0.877199
0.928121
0.873035
0.927335
0.912820
0.870723
0.979507
0.872775
0.936833
0.871016
0.922591
0.939566
0.908991
0.876144
0.943054
0.897314
0.953879
0.951846
0.903419
0.912543
0.962858
0.911521
0.908440
0.876339
0.878575
0.903663
0.885903
0.915215
0.960803
0.958463
0.949528
0.871095
0.916983
0.981243
0.940159
0.879616
0.869370
0.936747
0.888812
0.947667
0.951811
0.993733
0.920056
0.897020
0.875985
0.901848
0.946768
0.867687
0.890672
0.889721
0.917296
0.884535
0.959080
0.876618
0.898469
0.871866
0.921335
0.929211
0.927260
0.912110
0.917924
0.911464
0.922376
0.883260
0.909499
0.901988
0.900980
0.916699
0.883349
0.937935
0.901624
0.873788
0.937619
0.873237
0.909342
0.969091
0.914052
0.894869
0.987894
0.967999
0.930012
0.916415
0.880182
0.918927
0.937598
0.920318
0.931622
0.899589
0.893416
0.900167
0.866557
0.865476
0.866564
0.925725
0.884201
0.912365
0.877024
0.930009
0.879091
0.897946
0.906454
0.922662
0.910396
0.887563
0.938891
0.872533
0.883391
0.894542
0.905213
0.882765
0.889794
0.882174
0.950857
0.909524
0.953738
0.920570
0.879438
0.917443
0.871971
0.912938
0.870453
0.873974
0.914205
0.872438
0.944468
0.950457
0.924925
0.865067
0.914249
0.955958
0.898480
0.873099
0.911001
0.995575
0.897870
0.892041
0.872457
0.924419
0.933210
0.916715
0.966222
0.871135
0.949963
0.940368
0.919523
0.931854
0.900677
0.948076
0.892951
0.910889
0.898630
0.900370
0.925786
0.867197
0.911216
0.907310
0.957862
0.883729
0.907898
0.904456
0.875668
0.978240
0.916831
0.928840
0.977794
0.868290
0.870698
0.870538
0.931121
0.946482
0.926644
0.923284
0.966018
0.911204
0.902834
0.912642
0.888069
0.968527
0.898375
0.924684
0.905495
0.952169
0.875105
0.879838
0.959888
0.928128
0.931336
0.941823
0.980796
0.885119
0.888137
0.874193
0.883077
0.966613
0.949251
0.880987
0.987893
0.968715
0.887710
0.930065
0.938008
0.865873
0.896192
0.929305
0.913056
0.956391
0.887621
0.957903
0.946220
0.931875
0.913718
0.891264
0.916760
0.931242
0.910855
0.907600
0.900535
0.887476
0.890811
0.898698
0.913147
0.921770
0.911831
0.946158
0.914943
0.898269
0.869374
0.914086
0.893567
0.893433
0.889220
0.876829
0.894972
0.931206
0.956952
0.983434
0.918548
0.879658
0.954761
0.902395
0.971580
0.902577
0.944912
0.912042
0.880757
0.895207
0.872429
0.923865
0.927011
0.900596
0.873277
0.886550
0.873505
0.925724
0.874421
0.929857
0.874039
0.879512
0.889089
0.905774
0.913062
0.920894
0.924277
0.983461
0.895165
0.912896
0.976592
0.867241
0.938732
0.949063
0.906000
0.932462
0.890065
0.891047
0.889104
0.910618
0.932646
0.898724
0.882588
0.900682
0.957313
0.892628
0.933522
0.866496
0.869441
0.956714
0.933459
0.879185
0.871972
0.870660
0.928173
0.924941
0.931655
0.895630
0.923141
0.874855
0.987174
0.919655
0.877646
0.937404
0.904870
0.925899
0.907915
0.946897
0.868237
0.950382
0.896034
0.940146
0.887223
0.920760
0.884041
0.879414
0.866554
0.866337
0.881474
0.871401
0.962267
0.987329
0.886782
0.866527
0.870041
0.865920
0.928354
0.943037
0.897264
0.894927
0.975699
0.896466
0.867729
0.875256
0.879015
0.909282
0.947689
0.930708
0.894882
0.957782
0.914775
0.940476
0.926755
0.959179
0.900894
0.977738
0.872692
0.903490
0.993237
0.890729
0.913188
0.961665
0.889997
0.954846
0.968874
0.896682
0.958762
0.921885
0.882020
0.889296
0.869071
0.879543
0.931744
0.872241
0.891578
0.968684
0.921028
0.879618
0.923960
0.868523
0.872430
0.885783
0.949863
0.942351
0.878708
0.888934
0.938202
0.887735
0.942257
0.937833
0.921082
0.895738
0.926964
0.996378
0.886380
0.920608
0.896619
0.879128
0.888622
0.920682
0.907536
0.894020
0.950143
0.885072
0.903883
0.880664
0.880881
0.875602
0.897934
0.959310
0.879810
0.908480
0.878752
0.869772
0.891837
0.894656
0.895218
0.875428
0.926616
0.880360
0.967329
0.892235
0.917123
0.919990
0.892174
0.961760
0.887285
0.936767
0.873223
0.917574
0.898561
0.920588
0.865740
0.886971
0.965371
0.905403
0.906720
0.875950
0.921847
0.971666
0.869447
0.952695
0.904194
0.884114
0.970312
0.949379
0.921188
0.891093
0.865535
0.892312
0.911350
0.971147
0.930041
0.878644
0.914946
0.871467
0.872762
0.959710
0.953059
0.881906
0.908254
0.888226
0.955990
0.909847
0.916614
0.944000
0.869324
0.874883
0.985551
0.930227
0.871714
0.868650
0.915702
0.914441
0.888794
0.910627
0.900588
0.983795
0.960851
0.901776
0.891100
0.903091
0.897626
0.870565
0.923823
0.866904
0.877695
0.939362
0.968029
0.868996
0.867248
0.902843
0.893512
0.964723
0.867459
0.864748
0.933815
0.872221
0.874973
0.932256
0.946333
0.882640
0.940616
0.900069
0.947293
0.873931
0.865934
0.887480
0.872894
0.965492
0.936809
0.901514
0.897131
0.879694
0.909792
0.871996
0.882219
0.930860
0.958210
0.877957
0.939778
0.967534
0.922422
0.877663
0.952058
0.927407
0.877755
0.918275
0.942715
0.889275
0.893848
0.921503
0.912150
0.878366
0.872925
0.897552
0.888768
0.874277
0.930424
0.898942
0.869628
0.906011
0.960041
0.903753
0.929348
0.901338
0.914368
0.976581
0.879524
0.904715
0.875730
0.865311
0.899336
0.943914
0.878378
0.888502
0.908265
0.893135
0.971802
0.891848
0.926758
0.890167
0.866364
0.885623
0.907575
0.874737
0.927460
0.949017
