0.320592
0.251863
0.241741
0.130940
0.643983
0.001734
0.489862
0.123747
0.016846
0.368075
0.161528
0.402146
0.423941
0.217532
0.254209
0.411424
0.164582
1.089318
0.514292
0.162418
0.044065
0.082803
0.230711
0.067166
0.031960
1.131521
0.350820
0.592415
0.206120
0.615041
0.527225
0.833444
0.054604
0.017805
0.021226
0.879040
0.019601
0.548529
0.024002
0.037133
0.103632
0.194995
0.489311
0.711216
0.563064
0.011493
0.192607
1.563921
1.201362
1.637479
0.132988
2.548705
0.060972
0.462105
0.063683
0.097231
0.345696
0.488839
1.023676
0.906868
0.201395
0.369637
0.522235
0.285468
0.407683
0.585084
0.152331
0.453130
0.219899
0.185168
0.550623
0.391566
0.500427
0.172454
0.179697
0.184192
0.188759
0.485896
0.153491
0.126781
0.438267
0.344456
0.122858
0.599624
0.053254
0.205824
1.040926
0.458339
1.625433
0.685653
0.287336
0.173226
0.156510
0.044543
0.650628
0.875176
0.745645
2.324996
0.274311
0.070063
0.178292
0.047044
0.560090
1.346860
0.240239
1.858226
0.137560
0.595283
0.454751
0.351452
1.262356
0.099867
0.001368
0.074119
1.058598
0.054776
0.322385
0.703110
0.608563
0.286773
0.347732
0.076011
0.653341
0.734667
0.128262
0.305409
0.453429
0.000591
0.296680
0.009318
0.070742
0.688109
0.057291
0.819203
0.569466
0.336450
0.760234
1.265110
0.102728
0.237943
0.276878
0.055825
0.410170
0.279261
0.139471
0.289328
0.379335
0.634048
0.108010
0.134352
0.084274
0.594441
0.236332
1.078777
0.313081
0.461814
0.208885
0.031773
0.463303
0.777991
0.041708
0.665972
0.384460
0.104308
0.390167
0.121881
0.566704
0.195144
0.073487
0.996778
0.605001
0.412651
1.743906
0.151581
2.294800
0.119667
0.603439
0.368606
1.340327
1.127620
0.707727
0.045286
0.446519
0.071846
1.769946
0.028788
0.667363
0.187325
0.062508
0.208421
0.053507
0.110043
0.040015
0.508019
0.243752
0.482030
0.963100
0.033021
1.421901
2.354350
1.313451
0.515850
0.402465
1.137146
1.177575
0.391234
0.058255
0.465691
0.033218
0.021172
0.347717
0.861479
0.068512
0.048108
1.553985
0.052144
0.079898
0.588955
0.265093
0.154078
0.016754
0.359737
0.310645
0.058191
0.081828
0.943888
0.651938
0.002639
1.218059
0.554814
2.792781
0.916910
0.188379
0.398287
0.668425
0.123615
0.048175
0.939663
0.871569
0.084879
1.098066
0.197390
1.899215
0.008481
0.270560
1.350804
0.061567
0.416879
0.490389
0.374709
0.888297
0.536375
0.020594
0.173742
0.730073
0.106174
0.076650
0.342907
0.109440
0.028088
0.091144
0.107110
1.126070
0.327499
0.677318
0.500046
0.601312
0.897319
0.326445
0.371825
2.299775
0.229614
0.951223
1.713838
0.243105
0.156467
1.153498
0.347476
0.898752
0.372664
0.014334
0.546924
0.101275
0.035539
1.592367
1.509527
0.150504
0.053091
0.296626
0.304871
0.084426
0.476103
0.523966
0.025748
0.049727
0.248212
0.573398
0.790578
0.127517
0.088254
0.192014
0.121069
0.377551
0.092975
0.100808
1.233050
0.288470
0.043341
0.268915
0.159190
0.468823
0.293715
1.388287
0.784644
0.359600
1.133413
0.679260
0.740930
2.921194
0.105627
0.130224
0.082712
0.816208
1.054463
0.113236
1.147365
0.157307
1.081434
0.591227
0.341636
0.023972
0.006220
0.619094
0.430015
0.100475
1.115977
0.338573
0.484362
1.858893
1.192557
1.117962
0.438732
0.217062
0.888500
0.235779
1.001336
0.649535
0.063309
0.507794
0.644244
0.185070
1.009097
1.046882
0.060466
0.684692
0.041384
0.006602
0.007895
1.668277
0.613094
0.357393
0.005659
0.634617
0.124740
0.443493
1.156316
0.060223
0.041713
0.368479
0.046709
2.209825
0.267678
0.559436
0.207856
0.140780
0.025290
0.114804
1.798763
0.092113
0.925648
0.596881
0.324675
0.619060
0.426305
0.447656
0.304226
0.529409
0.463975
0.318830
0.480612
0.186422
2.013609
0.495547
0.015322
0.113432
0.122269
1.338129
0.190225
0.176181
0.301299
0.260130
0.167692
1.009271
0.041140
0.490502
0.059699
0.068660
0.886629
0.044500
0.175888
0.559184
0.761802
0.744002
0.241653
0.219853
0.227614
0.913380
0.004474
1.758859
0.185922
0.492396
0.165337
0.173161
0.147395
0.186794
0.342277
0.319563
0.139143
0.836007
0.733148
0.594595
0.122801
0.027839
0.413548
0.176023
0.568504
0.562316
0.276747
0.356108
0.714353
0.639392
0.100832
0.390941
0.342393
0.417228
1.142519
0.988437
0.259559
1.188320
0.891394
0.628500
0.381379
0.060176
0.004121
0.777792
0.276807
0.350483
0.151351
0.551388
0.189917
0.015437
0.225951
0.381561
0.044175
1.303650
0.887582
0.721500
0.460017
0.147593
0.159570
0.224611
1.891183
0.304271
1.173435
0.320309
0.010993
0.811164
0.203632
0.278174
0.618419
0.090978
0.076689
0.139408
0.164081
0.081497
0.016393
0.610196
0.531089
0.173670
0.233354
1.758706
0.195661
0.666891
0.350706
0.262460
0.543521
0.203728
0.094479
0.153454
0.446124
0.294758
0.491961
0.419084
1.157638
0.378032
0.020687
1.282022
0.202521
0.235051
0.215167
0.021846
0.389815
0.338542
0.168486
0.860683
0.514041
0.191602
0.373342
0.175919
0.473068
1.146325
0.155257
1.371314
0.504645
0.737116
0.210794
0.177132
0.055860
0.363016
0.413445
0.595318
1.629579
0.104589
0.152902
0.993305
0.635126
0.181203
0.770534
0.026854
0.568254
0.072834
0.049933
0.124543
0.493705
0.239916
0.021279
0.157196
0.601052
0.419351
0.417787
0.186403
0.314364
0.895792
0.141712
0.053933
0.463612
0.446771
0.255882
0.619032
0.056568
1.650521
0.260461
0.035506
0.082381
0.553569
1.339661
1.024532
1.815248
0.631575
1.284808
0.528580
0.957962
0.009325
1.031963
0.327208
0.255071
1.230851
0.693191
0.052141
0.329314
0.190188
0.264011
1.489632
0.081083
0.535054
0.026396
0.701314
0.142393
0.300727
0.311909
0.219094
0.268192
1.020621
0.275256
0.418562
0.387862
0.219048
0.288296
0.359875
0.037348
0.224415
0.090572
1.293588
0.239100
0.019750
0.259615
0.756363
1.533519
0.084235
1.054826
0.286245
0.318800
0.170506
0.243107
0.485295
1.459180
0.286770
0.235155
0.107713
1.096681
0.914098
0.397698
0.180915
0.617955
1.786762
1.022602
0.143214
0.197766
0.184690
0.718132
0.254291
0.555032
1.314650
0.195353
0.025944
1.699630
0.651790
0.886732
1.263134
1.074873
0.617175
0.219969
0.219196
3.088886
0.675413
1.866259
1.440334
0.097671
0.216361
0.074079
0.034089
0.105704
0.579664
0.230625
1.151218
0.536833
0.137318
0.080698
2.097367
0.398131
1.210852
0.241912
0.123879
0.913489
0.613788
0.157366
0.819184
0.285855
0.052831
0.646850
0.192043
0.828389
0.042599
0.560204
0.822979
0.864796
0.524798
0.695302
0.000045
0.000590
1.098124
0.034137
0.106433
0.427931
0.285908
0.048101
0.132849
0.562969
0.137721
0.123113
0.127214
0.082434
0.460442
0.293575
2.360568
0.184685
0.626067
0.796777
0.681819
0.842019
0.369642
0.032642
0.488584
0.463440
0.667898
0.281759
0.278310
0.244673
0.100368
0.278388
0.245636
0.036636
0.339565
0.433616
0.518855
1.318629
0.556772
1.056251
0.463290
1.217323
0.051194
0.882272
0.033265
0.600576
0.159295
0.028529
0.004008
2.168780
0.956144
0.697677
0.808002
0.234843
0.844925
0.276634
1.931987
0.402044
0.968033
0.260331
1.402364
0.019163
0.894340
0.198472
0.057286
0.197085
1.190358
0.701188
0.146652
0.432707
0.501269
0.977017
0.338139
0.655357
0.580830
0.405807
0.280643
1.607685
0.472499
0.287690
1.466765
0.311417
0.105215
0.689361
0.911253
0.002615
0.094995
0.850215
0.407908
0.014592
0.126330
0.343779
0.034334
0.028860
0.870990
0.095954
0.240510
0.659023
1.319762
0.505372
0.186595
0.412378
0.340956
0.812172
0.172677
0.100070
0.222221
0.639269
0.076135
1.755586
0.086620
0.046077
0.284330
0.214491
0.904357
0.158793
0.218513
0.004605
0.046875
1.213888
0.019334
0.187534
0.262940
0.055072
0.230102
0.133151
0.163497
0.694535
1.692678
0.116292
0.244487
0.162588
0.733045
1.064717
0.041995
0.031579
0.032259
0.289354
0.763376
0.113905
0.263406
1.422150
0.172486
0.926492
0.171706
0.068422
0.061268
0.517396
0.073707
0.114592
0.406491
0.096182
0.364465
1.682414
0.163758
1.087624
0.111087
0.408448
0.506831
0.090376
0.725610
0.012073
0.292557
0.382740
1.176690
0.370662
0.453286
1.712219
1.646994
0.238094
0.093862
0.232934
0.193330
0.310800
0.121444
0.472515
0.446788
0.200961
0.147879
0.650742
0.383703
0.836985
1.165832
0.027418
0.752383
0.100541
1.404874
1.889511
0.674217
0.430064
0.076875
0.352680
0.459083
0.440307
0.020910
0.352309
0.057699
0.506748
0.320405
0.037299
0.008017
0.516821
0.293757
0.205177
0.056700
0.539308
1.477454
0.598692
2.349837
0.114046
0.277466
0.373999
0.008292
0.199311
0.433806
0.790859
0.357604
0.366804
0.738183
0.144684
0.050861
1.226976
0.708030
0.597785
0.346092
0.800463
0.113557
0.468894
0.285768
0.563977
0.570327
0.300054
0.193270
0.066584
0.775189
0.279136
0.767668
0.665428
0.067234
0.746981
1.404190
0.401156
0.179915
1.563432
1.062069
1.069603
0.694195
0.248275
0.257147
0.369132
0.514500
0.345372
0.286442
0.255386
0.109243
1.371491
0.110485
0.254943
0.392773
0.502016
0.039382
0.127136
0.044333
0.252370
0.214778
1.030532
0.869036
0.071830
0.468796
1.497473
1.200303
0.397178
0.348246
0.118838
0.350865
0.240742
0.049244
0.147049
0.742521
0.342462
0.749961
0.269050
2.617045
0.119736
0.846713
0.105937
0.080424
0.007237
0.446249
0.589977
0.522021
0.548472
1.245820
0.659917
0.032241
0.154914
0.465071
1.088367
0.255618
0.120356
0.905622
0.185230
0.717868
0.206410
0.368158
0.154850
0.637113
0.477151
0.368161
0.340471
0.058711
0.176897
1.203990
0.055722
0.357632
0.647523
0.175767
0.538693
0.674469
1.089130
0.217104
0.245884
0.402455
0.156978
0.064642
0.477671
0.383802
0.648736
0.348486
1.375387
1.412661
0.206591
0.140986
0.606625
0.564552
0.727993
1.738547
0.252944
0.240430
0.336899
1.107697
0.339168
0.776086
0.806956
0.455650
0.177731
0.374338
1.124005
1.593026
0.155640
0.759690
0.186176
0.533480
0.203251
0.434151
0.750793
1.491348
0.061769
0.350591
0.300058
0.026876
0.294134
0.779635
0.176938
0.079781
0.314042
0.033534
0.061980
0.995411
0.295852
0.466740
0.701835
1.399719
0.251288
0.405064
0.385181
0.592378
0.042891
0.282417
0.528991
0.215159
0.119571
1.658410
0.002831
0.395624
0.392706
0.763627
0.342654
0.539817
0.169046
1.471739
0.623464
0.657606
0.667854
0.005355
1.056252
0.113711
0.039262
2.718869
0.034585
0.369215
0.461239
0.860573
0.309291
2.995052
0.236073
3.233463
0.588301
0.306747
0.281052
0.211194
0.825761
0.514573
0.184267
0.840703
0.104996
0.956353
0.454108
0.578346
0.359335
1.075479
0.500915
0.127584
0.477529
0.230876
0.134506
0.340882
0.425763
0.186537
0.336600
0.510922
0.896445
0.048472
0.309213
0.174646
0.047095
0.908679
0.173546
0.760635
0.175552
0.642321
0.067386
0.055093
0.227805
0.284879
1.251862
0.405232
0.168896
0.361779
0.137761
0.802865
0.254251
1.034220
0.012388
0.006955
0.139486
0.150780
0.354730
0.848248
0.423992
3.111394
0.305088
0.259802
0.047381
1.250227
0.602082
0.099409
0.704266
2.504063
1.633324
0.026483
0.630390
0.046031
0.084754
0.043054
0.369374
0.038516
0.507854
0.827599
0.444724
1.054655
0.468505
2.199947
0.697759
0.500753
0.000769
2.728550
1.117513
0.356293
0.836747
0.312495
0.354275
0.156776
1.020022
0.455716
0.103577
0.422025
0.753333
1.428890
0.414312
0.673957
2.574257
0.164195
0.880624
0.081325
0.225040
0.215744
0.126964
0.000139
0.086822
0.839313
1.055801
0.729662
0.807454
0.498820
0.255647
0.811330
0.493069
0.173568
0.187167
0.289369
0.709459
0.857108
0.616441
0.494432
0.270597
1.130026
0.110345
0.109264
0.910879
0.716454
1.378499
0.893239
0.021091
0.723421
2.024583
0.258528
0.061166
0.115850
0.258761
0.160482
0.010196
0.166312
0.021536
0.860957
1.227940
0.292090
0.488955
0.389568
0.665389
1.375657
1.971059
0.340365
0.705398
0.584209
0.064914
0.095579
0.439493
0.192677
0.231254
0.275005
0.042330
0.183230
0.147525
0.065328
0.037094
0.135950
0.373492
0.103297
0.294290
1.331143
0.309205
0.312810
0.119873
0.349941
0.168679
0.068130
1.457480
1.205365
0.552188
0.572102
0.936722
0.523735
0.096353
0.461227
0.206485
0.176220
0.749073
1.282715
0.479624
0.079354
0.212454
0.598656
0.302174
0.460245
0.858719
0.372297
0.915496
0.212845
0.621916
0.167478
0.162099
0.094928
0.692549
0.336736
0.563937
0.018357
0.480448
0.486527
1.462153
0.168459
0.180912
0.786805
1.368285
0.325879
0.251397
0.159776
0.747832
0.094140
0.109476
0.249382
0.191635
0.391326
0.047548
0.739076
0.078025
1.210624
0.176209
2.074812
0.149116
0.004388
0.156575
0.382605
0.100238
0.009368
0.012571
0.975748
0.028078
0.514000
0.326974
0.000454
1.317705
0.765329
0.788997
0.995782
0.152229
0.104604
0.073695
0.019567
0.223449
0.202994
0.282023
0.567787
1.045719
0.368876
0.299559
0.010599
0.283699
0.688604
0.002609
0.587000
0.706227
0.160147
0.127856
1.391238
0.173098
0.144151
0.794949
0.213269
1.116260
0.161527
0.213964
0.860332
0.030763
0.076432
0.576910
0.194414
0.200632
0.861903
0.223556
0.587074
0.084385
0.784208
0.230764
0.016151
0.188029
0.858467
0.027102
0.686075
0.419783
0.029857
0.287514
0.196194
0.201757
0.543757
0.152361
0.489957
1.223289
0.030261
1.785846
0.820343
0.203827
0.192856
0.493364
0.250820
0.309750
0.186821
0.630470
0.785863
0.071583
0.040139
0.330080
0.170321
1.015381
0.958361
0.193179
0.100570
0.559350
0.233592
1.320011
0.138139
0.282114
0.227815
0.417304
0.720338
0.014662
0.881959
0.245421
1.426325
1.091752
0.222972
0.690080
0.125608
0.569427
0.235536
0.479349
0.076343
0.581485
0.202648
1.358407
0.859720
0.264122
0.269910
0.057997
0.163644
0.157395
0.281053
0.309322
1.435468
0.812854
0.247121
0.102132
0.133566
0.705125
0.694565
3.028963
0.768131
0.432960
0.243514
0.649370
0.314326
0.683895
0.322737
0.583715
0.276819
0.952755
0.182240
0.418216
0.386850
0.508972
0.347236
0.222777
0.025133
1.249349
0.316544
0.198858
0.104045
1.146528
0.779073
0.070333
0.605784
0.098884
0.189879
1.379925
1.369446
0.034504
1.361781
0.636793
0.519252
0.192765
0.296469
0.059789
0.033733
1.281227
0.808585
0.337050
0.743915
0.056575
0.029414
0.187590
0.684515
0.407989
0.557927
0.791567
0.322752
0.076234
0.065520
0.544531
0.020649
1.216865
0.791613
0.678809
0.048107
0.058638
0.568821
0.013731
0.097607
0.475681
0.687703
0.866812
1.356742
0.108184
1.374925
3.422222
0.062468
0.668948
0.336006
1.110891
0.930831
0.395326
0.114341
0.446082
0.055044
1.046906
0.242987
0.433567
0.009183
0.354353
0.139403
0.030223
0.272372
0.019371
0.808186
0.358455
0.080473
0.327741
0.386995
0.197265
0.049686
0.168502
0.080884
0.014348
0.327593
0.044647
0.013800
0.455778
0.865877
0.363396
0.336364
0.550726
0.032533
0.592256
0.149098
0.091504
0.423018
0.514654
0.687351
0.444685
0.081533
2.322937
0.521694
0.422537
0.014406
0.298122
0.042896
0.097438
1.329136
0.485170
0.349651
0.012415
1.188328
0.528392
0.027129
0.245344
0.669422
0.041710
2.130643
0.411489
0.453885
0.322733
0.129703
0.538775
0.092976
0.333091
0.876683
0.674641
0.069103
0.426535
0.199985
0.163936
0.415394
1.894899
0.948625
0.449096
0.278018
1.345856
0.734314
0.220381
0.402913
0.159295
0.239807
0.308483
1.296833
0.284395
0.942646
0.543994
0.360593
0.898218
0.126791
0.058493
0.185309
0.301173
0.734782
0.326366
1.396871
0.454142
0.124200
0.035151
0.093574
0.398822
0.213421
0.663962
0.374341
0.109982
0.198502
1.534511
0.069452
0.051253
0.185522
0.574378
0.231219
0.587150
0.077386
0.175139
0.066626
2.390049
1.592401
0.508857
0.873534
0.100812
0.691116
0.072749
0.504027
0.365899
0.476979
0.426517
0.061502
0.900112
0.513287
0.168730
0.242538
2.264150
0.010813
1.211586
0.103299
0.214670
1.000846
0.190148
0.295736
0.096113
3.639453
0.848428
1.004380
0.076983
0.059532
2.333514
0.072111
0.036749
0.496019
1.609692
0.146153
0.237538
0.050147
1.097006
1.137089
0.619309
0.310331
0.006471
0.393678
0.055007
0.177823
1.324675
0.049016
0.193326
0.918366
0.164275
0.553928
0.611334
0.453634
0.061775
1.061954
0.452780
1.351257
0.685765
0.670440
0.023133
0.667575
1.030561
0.061691
0.227901
0.894011
0.230648
0.681725
1.316504
0.149247
0.512693
0.508544
0.637334
0.530949
0.101246
0.870501
1.533942
0.059735
1.250734
0.160208
1.531710
0.110366
1.440193
0.537685
0.791017
0.030996
0.387466
0.247253
2.486102
0.168119
0.068777
0.019518
0.011342
0.000601
0.083830
0.245911
0.897615
0.371055
0.071192
0.717845
0.761531
0.743731
0.255748
0.349013
0.279532
0.438185
0.198071
0.240420
0.595888
0.140601
0.533396
0.524327
0.292768
0.457866
0.184388
0.135666
0.539236
0.940902
0.494115
0.529154
0.071492
0.705862
0.587597
0.084600
0.708334
0.934101
0.392795
0.447497
0.230614
0.564838
0.218044
0.082112
0.299752
0.700889
0.530486
1.056695
0.205905
1.980848
0.151167
0.017228
0.128152
1.243243
0.575152
0.553250
0.363429
2.406642
1.187159
0.097071
0.914929
0.382522
0.884266
1.802181
0.171925
0.367671
0.068744
0.024828
0.228056
0.558293
0.510594
0.665426
0.214981
2.500750
1.091050
0.805677
0.687406
0.389436
0.569023
0.044231
0.369120
1.410588
0.063083
0.689438
0.973373
0.809720
0.270148
0.234072
0.789622
0.196037
0.399583
0.501787
0.979615
0.238787
0.465992
0.081258
1.153153
0.663416
0.110598
0.155051
0.261523
0.910926
0.001190
0.706841
0.890547
1.101697
0.407247
0.432157
0.281629
0.135047
0.544314
1.525560
0.097494
0.761294
0.603376
0.017512
0.438347
0.062927
0.262340
0.237177
0.292239
1.591655
0.005604
0.179508
0.206445
0.480349
0.300406
0.136322
0.216977
0.525017
0.351866
0.712196
0.335056
0.354274
0.362938
0.192754
0.253096
0.038028
1.144115
0.879730
0.185480
0.412627
0.758330
0.333822
0.210591
0.328300
0.368553
1.312590
0.457703
1.327906
0.182128
0.021584
1.096014
0.190215
0.210710
0.128463
1.357589
0.793640
0.312942
0.168341
0.294929
1.761280
0.023132
1.358612
0.325157
0.411980
0.146406
1.041047
0.503305
0.082668
0.607337
1.445439
0.626349
0.330582
0.282427
0.029873
1.678183
1.529439
2.119223
0.415956
1.072013
0.171849
0.467015
0.737296
0.467341
1.507134
3.038079
0.389457
0.686072
0.310799
0.877117
0.106616
0.284043
1.028526
0.067322
1.212423
0.284120
0.238865
0.772855
0.035224
0.379858
0.336704
0.006287
0.141492
1.820661
0.293540
0.181537
1.397791
0.253012
0.171270
0.350292
0.164203
0.434812
0.058681
0.026204
0.104238
0.031819
0.024995
0.653327
0.825372
0.358387
0.406231
0.000062
1.450810
0.279663
0.067393
0.970969
0.989831
0.352515
0.515589
1.328966
0.019426
0.071616
1.427137
0.167440
0.056712
0.244251
0.444630
0.023624
0.765236
1.056291
0.399092
0.032801
0.308061
0.540276
0.060832
0.522269
0.640512
0.089154
0.236943
0.377873
0.561951
1.356464
0.378005
0.483866
0.224758
0.534373
0.323734
0.126768
0.088648
0.063942
0.083532
0.111931
0.146174
0.050605
0.331940
0.223706
0.329577
0.038543
0.261170
0.154813
1.531633
1.570065
0.200070
0.266562
0.480271
0.293789
0.031671
0.207426
0.467793
0.288838
1.019734
0.166085
0.232971
0.255718
1.164932
0.663108
0.029306
0.238471
1.590640
0.123843
0.345940
0.059573
0.272337
0.698893
0.116962
1.177571
0.060280
0.587677
1.939062
0.367448
1.579927
1.348374
0.324247
0.169377
0.212176
0.049624
0.657771
0.261435
0.284619
0.207239
0.935344
0.181164
0.486364
0.123231
0.609225
0.371842
1.528367
0.716146
1.171509
1.211961
1.972106
0.258194
0.012017
0.255916
0.084911
0.132196
0.182442
0.157192
1.285998
0.167760
0.780814
1.065094
0.122700
0.155559
0.092279
0.414387
0.224595
1.152288
1.763368
0.794570
0.136899
0.847993
0.052594
0.988313
0.017824
0.815220
0.243966
2.210571
0.416659
0.171293
1.148331
0.394861
0.591099
1.282978
1.465272
0.947166
0.084494
0.145414
0.063543
0.041201
0.385434
1.201466
1.612995
0.703244
0.097351
0.068948
0.191666
0.386936
0.014720
0.170550
0.203740
0.156346
0.055798
0.285040
0.069624
0.075769
0.136348
0.362932
0.068824
0.815003
0.820363
0.014200
0.215469
0.346131
1.509547
0.176009
0.214729
0.056381
0.398241
0.316007
0.102734
0.045223
0.237430
0.078923
0.920917
0.404783
0.160674
0.087109
0.049206
0.181087
0.297919
0.279658
0.424741
0.404272
0.993594
0.605921
0.593900
0.053568
0.123235
0.867792
1.180464
0.012457
0.954270
0.147701
0.371340
0.811915
0.402040
1.032970
1.201167
0.053563
0.209109
0.050036
0.104167
0.636142
0.138039
0.014991
0.160625
0.362913
0.105005
0.229815
0.857161
0.508503
0.796985
0.249018
0.107103
0.539114
0.049705
1.094300
0.716479
0.187764
0.621754
0.549904
0.206003
0.414292
1.280893
0.989680
0.228003
0.322496
0.664283
0.161264
0.430098
0.040022
0.231742
0.724053
0.796618
0.473578
0.791209
0.037087
0.068616
2.065928
0.289885
1.479670
0.486789
0.135154
0.208079
0.843940
1.134853
0.285512
0.607038
0.536553
0.689416
0.267768
0.196611
0.044857
1.907844
0.142479
1.474897
0.210925
0.642388
0.574100
0.483597
0.178486
0.712970
2.342287
0.033708
0.406473
0.461810
0.982042
0.494352
0.656808
0.927869
0.035165
0.568626
0.313618
0.181756
0.009961
0.164963
0.112465
0.303282
2.068775
0.981212
0.113391
0.254316
0.102040
0.170340
0.236332
0.283308
0.134831
0.637964
0.084709
1.257614
0.208273
0.304452
0.567959
0.201317
0.368284
0.134151
1.361815
0.239794
0.994854
0.547586
0.127204
1.338123
0.211421
0.586492
0.134560
0.226706
1.780344
0.287572
0.855519
1.557470
0.176099
0.011239
0.218712
0.328371
0.186214
0.656452
1.226818
0.396267
0.300549
0.036212
0.314110
0.786239
0.373187
0.078521
0.066145
0.024156
0.239547
0.030022
0.279418
0.139804
0.643305
0.528855
0.096246
0.035540
0.210270
0.264705
0.283836
0.189087
0.943334
0.145496
0.157703
0.078492
0.160589
0.490160
0.492747
0.440519
0.219851
0.389096
0.071330
0.823989
0.471611
0.457408
0.458185
0.073407
0.682739
0.643576
0.101492
0.066993
0.762138
0.473162
0.230476
0.352626
0.153660
0.393087
0.427397
0.468109
1.555722
0.003908
1.280551
0.814533
0.150731
0.107394
1.489635
0.382827
0.852140
0.428911
0.064267
0.095500
0.062034
0.146225
1.993091
0.649708
0.958585
0.435493
0.997017
0.455302
0.182213
0.024366
0.642078
0.045853
0.538522
0.048494
0.450261
1.288401
0.506467
0.092124
0.379510
0.448626
0.096826
0.303169
0.252255
0.286634
0.521981
0.211842
1.775249
0.313717
1.270958
0.048204
0.510698
0.019352
0.211922
0.485555
0.724667
0.110605
0.113324
0.495950
0.795238
0.354845
0.564576
0.366243
0.452960
0.204806
0.473014
0.105035
0.150603
0.142888
0.221384
0.784989
0.919049
0.381570
0.141583
0.135301
1.755271
1.124756
0.436674
1.418587
0.223604
0.350321
0.016942
0.000249
0.390113
0.238043
0.486212
0.183342
0.430478
0.870437
1.375215
0.233734
0.202360
0.474397
1.116069
1.320197
1.486832
0.351014
0.062861
0.117203
0.699163
0.323020
0.000455
0.450541
0.004865
0.142188
0.888779
1.951069
0.076613
0.266704
1.270487
0.349235
1.245249
1.545308
0.349735
0.307010
0.202720
0.066758
0.725790
1.207088
1.494072
0.605163
0.167019
0.165960
0.188944
0.097202
0.118572
0.152975
0.571431
0.199688
0.319837
0.284656
0.817749
0.320700
0.014177
0.843231
0.638203
0.979158
0.791466
0.993984
0.158935
0.629106
0.227601
0.105011
0.554884
1.015638
0.522435
0.001844
2.543065
0.267271
1.228100
1.436202
0.061628
0.110456
0.128023
0.281634
0.234911
0.287252
0.592463
0.028805
0.726811
0.091221
0.336738
0.423642
0.511122
0.364928
0.244083
0.224062
0.236545
0.099760
0.126931
0.523810
1.135132
0.445655
0.912126
0.418600
0.306904
0.333666
0.422870
0.301226
1.156254
0.331794
0.252065
0.008548
0.574762
0.486248
0.296746
0.029928
0.030341
0.076480
0.060565
0.871931
0.184521
0.463357
0.252570
1.486176
0.065151
0.763532
0.185526
0.345670
1.658029
0.381992
0.080274
0.984557
0.066237
2.170832
0.278870
0.437081
0.321141
3.176635
0.017980
0.234920
0.330107
0.282192
0.248665
0.091044
0.027308
0.914583
0.127169
0.059409
1.989322
0.206737
1.383792
0.171170
1.430598
0.203056
0.136371
0.033588
0.061984
0.397814
0.415130
0.041852
0.043267
0.623071
1.412712
0.115947
0.600942
0.229603
0.779749
0.095146
0.228227
0.871711
0.397235
0.947671
0.148105
1.406931
0.008169
0.185185
0.755882
0.137729
0.273703
0.715162
0.433069
0.222158
0.025995
0.369310
0.589644
0.170803
0.442391
0.827990
0.910307
0.082002
1.100882
1.268957
0.996259
0.886298
0.068448
0.413935
0.110525
1.248676
0.666479
0.415973
0.678905
0.167375
0.267671
3.532269
0.127130
0.281705
0.184566
0.001999
0.556627
0.655069
0.723571
0.144467
0.046581
0.844836
0.741768
0.760387
0.055349
0.223426
0.446473
1.431174
0.358333
0.326910
0.996942
0.235218
0.185570
2.400184
1.392669
0.355022
1.201040
0.561343
0.037995
0.528131
1.598053
0.334429
0.526904
0.101419
1.253224
1.610163
0.103868
0.445743
0.586035
1.521807
0.919088
0.755316
0.729987
0.476035
0.411271
1.030014
1.832976
0.081989
0.844823
0.332807
0.498728
0.568546
0.987769
1.417120
0.555884
0.803733
0.298568
0.434338
0.321418
0.369899
0.132465
0.283944
0.005276
1.077654
0.479688
1.322106
0.929560
0.815963
0.365832
0.382284
0.706905
0.222976
0.188216
0.371739
1.821831
1.037252
0.252996
1.480799
0.012977
0.119451
0.284851
0.534727
1.111690
0.175218
0.455702
0.413660
0.050034
0.024414
0.077318
0.421317
0.422502
0.235814
0.001354
0.434871
0.150652
0.483230
0.356551
0.055096
0.275842
0.014597
0.509165
0.099717
0.245967
1.523482
0.610982
0.225022
0.876881
0.054038
0.186013
0.956960
0.189131
0.683188
0.355964
0.115781
0.020719
0.056777
0.733724
0.072984
0.084208
1.219550
0.610797
0.646297
0.170383
0.615406
0.182917
0.398057
0.198390
0.847120
0.529588
0.696233
0.932270
0.172699
1.346657
0.133019
0.140226
0.507631
0.453157
0.037058
0.673794
1.185720
1.288086
0.028329
0.527237
0.283908
0.151763
0.589177
0.388897
0.015888
0.880217
0.594673
1.441533
0.381002
0.273245
0.132512
0.138018
0.649882
0.761019
0.420513
0.392264
0.285458
0.193030
0.246082
0.649238
0.145587
0.486810
1.780873
1.105032
0.123127
0.022001
0.497721
0.066726
1.705361
0.578423
0.749294
0.255597
1.471691
0.316280
1.413436
1.921929
0.176057
0.505825
1.279554
0.886183
0.029558
0.084469
0.036976
0.768111
1.383673
0.510848
0.199100
0.232738
1.613033
0.631454
0.052245
0.119700
0.207346
0.036730
0.054465
0.407921
0.060448
0.661466
0.573896
0.042157
0.271649
0.307370
0.328001
0.228234
1.315458
0.273987
0.211615
0.127309
0.030014
0.155781
0.028209
0.061460
0.275075
0.067418
1.153661
0.223384
0.726553
0.129998
0.659264
0.648124
1.460451
0.890967
1.401269
0.168136
1.164027
0.021741
0.926726
0.008262
0.748496
0.373240
0.051153
0.108685
2.106087
0.431759
0.412598
1.221921
0.000102
1.187162
0.074227
0.030122
0.095956
0.107102
0.095659
0.455350
0.192065
0.038766
1.585819
0.044478
0.180878
0.586457
0.834484
0.143617
0.369307
0.694955
0.383112
0.276466
0.788614
0.237841
0.290917
0.421579
1.174353
0.386500
0.724124
1.102245
0.062044
0.197908
0.811937
0.062159
0.133151
1.413645
0.096408
0.262473
0.071730
0.215005
0.003094
0.301289
0.275911
1.665392
0.385788
0.650332
0.531774
0.214834
1.892969
0.097397
0.052779
0.359281
0.460318
1.120418
1.108601
0.021904
0.311141
0.793823
0.435224
0.129580
0.578047
0.598554
0.405031
0.334865
0.843254
0.777856
0.280166
2.312782
0.109933
0.413482
0.207530
0.113791
0.007672
0.721539
0.091828
0.402534
0.338095
0.864533
1.162503
0.316272
3.847945
0.001199
1.989858
0.459747
1.131802
1.029411
0.516611
0.222602
0.551295
0.127690
0.442888
0.217918
1.284000
0.077028
0.920781
0.669985
1.342189
0.157637
0.651617
0.069120
0.894988
0.035237
0.202223
0.942800
0.891442
0.347005
0.256418
0.195261
0.195028
0.180788
0.785250
0.194693
0.182509
0.742214
1.287239
0.112724
0.518895
0.419605
0.411796
0.188259
0.788305
0.080527
0.549851
0.630513
0.172323
0.355106
0.303286
0.126328
0.754506
0.101138
0.217222
0.473256
0.144627
0.577636
0.308250
0.043338
0.102566
0.987989
0.260710
0.355087
0.090040
0.110562
0.888834
0.318017
1.783329
0.702789
0.558062
0.480531
0.194837
0.133026
1.338761
0.061676
0.240920
0.456021
0.893938
0.560249
0.056448
0.169465
1.137231
1.084153
0.318005
0.143523
0.344116
0.639667
1.363242
1.581560
0.816875
0.063923
0.854853
0.118575
0.495039
2.063757
0.263401
0.307557
0.303017
0.240034
0.120523
0.067877
3.351405
0.384925
0.223568
1.329910
0.529166
0.679139
0.375744
0.332427
0.269595
0.504057
0.741665
0.188386
0.367737
0.139670
0.414426
0.009214
1.683333
0.344579
1.864123
0.735489
0.481183
0.792485
1.993008
0.141490
0.754622
0.247916
0.611893
0.132903
0.739632
1.263367
0.223421
0.736945
0.305321
0.638089
0.603667
0.058247
0.311620
0.130256
0.452694
1.062533
0.999154
0.230014
0.108147
0.243195
0.473958
0.709310
0.258268
0.431313
0.147826
0.238519
0.214045
1.035601
0.095839
0.199995
0.064161
1.532541
0.637571
0.875257
0.103366
0.339428
0.685990
0.396061
0.153107
0.113698
0.155998
1.673027
0.187971
0.658031
0.107910
1.198301
0.473872
0.030170
0.162662
0.822242
0.293235
1.104360
0.416021
0.939078
0.315656
0.859609
0.128421
0.847370
0.593328
0.256194
0.078927
0.844213
0.218700
1.007331
0.512921
0.389406
0.222705
0.245431
0.046149
0.488032
0.447381
0.220170
0.443348
1.175119
0.046054
0.761870
0.840002
0.602617
0.918355
0.047889
0.353893
0.167297
1.994800
0.037419
0.070494
0.298554
1.116997
0.221591
0.154590
0.442953
0.711367
0.265495
0.257793
0.060086
0.163289
0.022684
0.531065
0.508125
0.283043
0.678266
0.151404
0.011917
0.051920
0.946047
1.316972
0.103280
0.498952
0.677072
1.090187
0.319337
0.895378
0.250658
0.706072
0.842779
0.314029
1.094090
0.153438
0.222576
0.141108
0.377735
1.468100
0.002423
1.425278
0.215224
0.062820
0.124744
0.250551
0.739969
0.978969
0.875483
0.361593
0.063979
0.948378
0.475216
1.742625
0.752878
0.804840
0.459024
0.366966
0.580854
0.037745
0.217819
0.042407
0.883309
0.091846
0.396693
0.631100
0.282874
1.187377
1.646506
1.638720
0.961717
1.716232
1.174122
0.113876
0.044831
0.066916
0.455422
0.976345
2.071172
0.276005
0.233328
0.055033
0.160209
2.146267
0.038213
0.026861
0.771774
0.560860
0.424652
0.320683
0.687166
1.298050
0.404552
0.429107
0.048941
0.054033
0.173398
0.372546
0.004720
0.147796
0.334309
0.994948
0.126545
0.248829
0.034658
0.185069
0.364191
0.546490
0.091643
0.348001
0.046603
0.388671
0.465258
0.225609
0.374016
0.568512
0.268459
0.187770
0.218097
2.200734
0.772079
0.052958
1.221941
0.208707
0.564403
0.003221
0.293209
1.747176
0.379355
0.301725
0.127795
0.009751
0.190168
0.298139
0.264971
0.241717
0.710451
1.320233
0.024659
1.301666
0.281145
0.073737
0.314005
0.018201
0.346836
2.484543
0.627588
1.236780
0.182737
0.035470
1.168881
0.048608
0.092552
0.848134
0.284485
0.933985
0.865955
1.050129
0.844226
0.219084
0.200727
0.020794
0.234280
0.520676
0.336552
0.769625
0.015415
0.142763
0.626109
0.040866
0.095795
0.077875
0.121416
0.511802
0.099210
0.629143
0.502223
1.126655
0.499259
1.405744
1.654288
0.382893
0.016533
0.071020
0.216674
0.314070
1.907837
0.096015
0.210791
0.787933
0.376982
0.561419
0.897603
1.169619
0.194059
0.195622
0.584073
0.216954
0.424510
0.258076
0.281506
0.686238
0.396389
0.519378
0.244877
0.649854
0.224681
0.010600
0.486878
2.521046
1.620315
0.440667
0.375994
2.509249
0.633250
1.061117
0.307910
0.595628
0.028261
0.814293
0.336018
0.439084
0.325464
0.195219
0.334770
0.804984
0.520678
0.097468
0.082516
0.123712
0.434107
0.436906
1.686470
0.068319
0.129870
0.217654
0.965865
0.446669
0.234131
0.324508
0.438839
0.203813
0.032648
0.059856
0.198866
0.760242
2.485247
0.775488
0.324618
0.024603
0.447941
1.703919
0.500478
0.036388
0.171334
0.064216
1.021253
1.383508
0.176654
0.011343
0.085003
1.051618
0.464527
0.065084
0.002835
0.897346
0.322166
0.985763
0.276288
0.944900
0.206393
0.004413
0.101468
0.256586
0.064833
0.358543
0.100936
0.060898
0.178185
0.539927
0.088779
1.110680
0.493413
0.792760
1.631534
1.246686
1.236603
0.891973
0.963858
0.119971
0.963639
0.005460
0.047851
0.307657
0.071308
0.050971
0.173610
0.468119
1.581176
0.632720
0.305137
0.175396
0.648542
0.511475
0.597468
0.942873
0.082611
1.060453
1.647824
0.300814
0.388734
0.067133
0.210507
0.091766
1.267899
0.182172
0.044439
0.905433
0.073887
1.403081
0.025548
2.403655
1.502128
0.076039
0.300156
0.043508
0.135902
0.682677
0.587591
0.108873
0.310502
0.080105
0.338185
0.104909
0.776772
0.104631
0.019137
1.413395
0.035691
0.000254
0.249513
0.469941
0.067423
0.666845
0.750294
0.024045
0.021373
0.990412
1.074671
0.098750
0.808755
1.353419
0.093797
0.697228
0.038619
0.486972
0.902026
0.187221
0.228736
0.373915
0.354635
0.885137
0.561415
3.839412
0.009582
0.311014
0.104346
0.029097
0.258709
0.148697
0.029366
0.796832
1.007108
0.101175
0.381053
0.515817
0.130775
0.428025
0.352226
0.060283
0.701989
0.183527
0.023983
1.298020
0.030545
0.064579
0.396860
1.125140
0.284132
1.232314
0.273431
1.419267
0.682606
0.050396
1.415330
0.721230
0.409383
0.069275
0.857920
1.647972
0.244393
1.048711
0.713115
0.145982
0.031160
0.173436
1.135448
0.171640
1.013491
0.257418
0.258876
0.487291
0.618298
0.299806
0.397127
0.732430
0.424480
0.050420
0.544609
0.002824
0.005471
0.044283
1.469867
0.704382
0.099614
1.095282
0.366162
0.672886
0.008841
0.207301
0.606386
0.258888
0.122071
0.310335
0.535539
0.162202
0.704312
0.403877
0.419204
0.488801
1.567981
1.783216
0.141472
0.548564
0.274713
0.791201
0.285519
2.635274
1.105646
0.051893
0.000245
1.157950
0.101265
1.474530
0.534834
0.226259
0.903205
0.096845
0.054705
0.959629
0.362302
0.820634
0.148826
0.658585
0.156453
1.231384
0.004596
0.012250
0.316442
0.429897
0.522047
0.277114
0.397584
1.124177
0.048066
1.773929
0.583894
0.374031
1.691771
0.433021
0.490812
1.699058
0.327646
0.826791
1.227721
0.074011
0.094741
0.693011
0.188201
0.161654
0.462182
0.883507
0.043060
0.985407
0.411930
0.216313
0.746846
0.422467
0.235321
0.140122
0.079595
0.011833
0.554157
0.594805
1.249391
0.716778
0.549617
0.466669
0.170019
0.501124
0.102988
1.224125
0.457534
0.549593
0.640413
0.360450
0.815957
1.125968
0.153003
0.062849
0.093800
1.008078
1.471348
0.146227
0.650040
0.355189
0.464139
0.349530
0.041124
1.960152
0.687872
0.128170
0.001780
0.269984
1.274124
1.271487
0.098478
0.444162
0.375525
0.314646
0.125259
0.626366
0.239491
0.860499
0.239934
0.054226
0.203832
0.102639
3.012625
0.456168
0.180986
0.092345
0.312977
0.144492
0.274270
0.107054
0.712552
0.013672
0.594850
0.911540
0.003582
0.292627
0.033387
0.005375
0.984018
2.147934
1.344562
0.019913
0.427869
0.308267
0.352684
0.796370
0.095862
1.088680
0.480834
0.405515
2.275247
1.523963
0.675810
2.172214
0.400320
0.022958
0.084599
0.008170
0.175384
0.431216
0.117195
0.028481
0.464232
1.175014
1.121415
0.473347
0.213602
1.590263
0.487318
0.116558
1.448500
0.404537
0.141832
0.366820
0.007515
0.699293
0.190245
0.104980
0.510428
1.360713
0.683213
0.495981
1.089131
0.332924
0.478781
0.287878
0.378619
0.738835
0.302501
0.876923
0.215159
0.543648
1.069651
1.545429
0.419094
0.748289
0.417950
1.233588
0.663148
0.104858
0.065689
0.568707
0.681125
0.231093
0.111069
0.711135
0.065709
0.362493
1.480354
0.719557
0.298817
0.590781
0.248802
0.205226
0.098838
0.004110
0.744429
0.619634
0.757105
0.129578
0.385335
0.069467
1.108985
0.271984
0.044007
0.306869
0.108870
0.526010
0.234085
1.331107
0.916148
0.343550
0.470240
0.438379
1.008934
0.827097
0.209811
2.313195
0.196094
0.171895
0.699330
0.744299
2.071451
0.078377
0.058807
0.089256
0.083188
1.082853
1.035303
1.353707
0.060309
0.264824
0.032539
0.002405
0.888182
0.079649
0.311321
0.013384
0.799810
0.908009
1.568870
0.508029
0.203454
0.417561
0.125419
0.112420
0.234948
0.415694
0.106328
0.600913
0.967162
1.446931
0.320910
0.915047
0.047004
0.439290
0.001547
0.139194
0.317400
1.047699
0.096967
0.438038
0.169956
0.136754
0.443833
0.063300
0.244330
0.026626
0.078518
0.102026
1.099956
0.053763
0.864562
0.126467
0.551498
0.022714
0.276551
0.022006
0.469482
0.479082
0.678198
0.312226
0.411675
0.121723
0.181237
0.526006
0.806488
0.183460
1.121040
0.157811
0.101740
0.036313
0.962933
0.319595
0.185057
0.292267
0.447258
0.595195
0.341098
0.666892
1.062121
0.241995
0.911525
0.607073
0.467180
0.353210
0.688070
0.016262
0.398865
0.220351
0.522635
0.172700
0.859797
0.117510
0.354782
0.066713
0.983808
0.184697
0.282855
0.701157
0.433170
0.478762
0.868702
0.284371
0.046298
0.071570
1.045343
0.569144
0.883822
0.231726
0.269059
0.618492
0.702378
0.146932
0.266177
0.224501
0.716095
0.087312
0.250220
0.186159
0.363499
0.021527
0.461817
0.205870
0.144898
0.058867
0.310331
0.059276
0.272291
1.124311
1.004090
3.732816
0.357301
0.585254
0.283866
0.456961
0.866251
0.185233
0.163339
0.528386
0.570467
0.593457
0.224839
0.285511
1.492500
0.745704
0.796754
0.620102
1.368005
0.105684
0.010887
0.300570
0.132415
0.489703
0.778702
0.331065
0.665021
0.144996
0.453222
0.084475
0.079020
0.309771
0.084137
0.534718
0.082202
0.443448
0.147756
1.839636
1.139704
0.382357
0.493333
0.431535
0.130274
2.271035
0.006638
0.098514
0.722584
0.830302
1.101402
0.601095
0.000250
1.209820
0.082012
0.132741
0.383410
1.411704
0.631882
0.158073
0.106799
0.188041
0.277995
0.206631
0.746413
0.435388
2.681137
1.307712
0.092828
0.144614
1.159469
0.034726
0.770171
0.376241
0.518144
0.007589
0.365065
0.537084
0.107771
0.165954
0.315926
0.043543
2.006239
0.316397
2.596889
0.071468
0.605427
0.377470
0.038326
0.271906
0.807245
0.154701
0.660109
0.129064
0.463961
0.354828
0.827420
0.458064
0.285509
1.915637
0.952221
0.205243
0.023239
0.506382
1.003007
0.586632
0.527561
0.241954
0.214671
0.934576
0.548421
0.850383
1.323583
0.522045
0.168681
1.285868
0.759749
2.228694
0.302164
0.965391
0.262020
0.146895
0.064530
0.075877
0.328958
0.646775
0.523465
0.171913
0.196995
0.043889
0.156853
0.097238
0.272974
0.188935
0.839717
0.168565
0.002669
0.313091
0.554048
0.218777
0.186341
0.204653
0.094276
0.137392
2.063753
0.306423
0.089480
0.724202
0.295838
0.480409
0.483819
0.963711
1.027811
0.675656
2.677617
0.218522
0.314433
0.516781
0.517826
0.786178
0.651525
1.228284
1.739768
0.080675
0.130002
0.763235
0.285632
0.133466
0.142555
0.055467
0.444171
0.409565
0.290706
0.714613
0.803344
0.276491
0.123397
1.652638
0.105252
0.547259
0.434621
0.829955
0.366752
0.301395
0.400303
0.361858
0.821951
0.008954
0.086769
0.300540
0.830872
1.092907
0.227894
0.755635
0.018653
0.451938
0.412847
0.319148
0.883861
0.830730
0.429967
0.270592
0.230481
0.008930
0.098279
0.092426
0.292119
0.253040
0.070830
0.500235
0.032240
0.623814
0.291821
0.436401
0.090481
2.486730
0.051168
1.793305
0.005444
0.148253
0.275901
0.860243
0.077861
0.780658
0.458635
0.099727
0.243183
0.088644
0.528683
0.120667
1.798589
0.130319
0.500329
0.209216
0.141939
0.832500
0.357385
0.584966
0.116568
0.514701
0.194234
0.157629
0.219713
0.722051
0.957371
0.368160
0.707600
1.496807
0.340051
0.730406
0.115640
1.247621
0.444548
0.215920
0.614925
0.104968
0.379119
0.048700
0.216798
0.101756
0.183527
0.196095
0.266859
1.403307
0.548827
0.540467
0.693948
0.097425
0.215648
1.589282
0.856905
0.557735
0.129874
0.096438
0.286600
0.042438
0.596258
0.107466
0.015884
0.105347
1.626685
0.135741
0.056865
0.399620
0.443897
0.844147
0.672948
0.063886
1.192833
0.047991
0.181264
0.121164
0.268879
0.632330
0.084086
0.042937
0.237718
1.177948
0.150102
0.652301
0.995884
0.041232
0.256212
0.048421
0.146898
0.907738
0.095383
1.509135
0.015562
0.114670
0.076047
2.414152
0.292319
0.142905
0.390803
0.015813
0.032942
0.165659
0.081893
1.783011
0.233837
0.303633
0.103471
0.779101
0.094870
0.209065
1.026989
0.400603
0.141789
0.070269
0.164205
0.058526
0.118028
0.571111
0.113301
0.312590
0.365040
0.236151
0.268884
0.397893
0.435392
0.407140
0.389106
0.012182
0.819011
0.043380
0.028391
1.017791
0.227164
0.115510
0.919827
0.670982
0.541525
0.014231
0.375551
0.898681
0.230846
0.255354
0.243454
0.479468
0.378617
0.547423
0.649436
0.676048
0.212553
1.329072
0.115422
0.999132
0.182899
0.486545
0.266538
1.093440
0.098694
1.539304
1.214092
2.092045
0.018892
1.705675
0.962621
0.257254
0.095145
0.594192
0.075919
0.900052
0.642495
0.552859
0.552793
0.048879
0.035725
0.027999
0.618644
0.458139
0.636249
0.287230
0.208742
0.034230
0.228573
0.396412
1.333919
0.559310
0.092877
0.210646
0.411631
0.214354
0.176753
0.320094
0.202793
0.203877
0.289739
0.103865
0.667919
0.474781
1.072192
1.051604
0.296930
0.465965
0.395890
0.062097
0.600884
0.478451
0.093919
0.263112
0.121618
1.108754
0.935916
0.407331
1.576640
0.119809
0.055268
1.094120
1.087275
0.160218
0.131779
0.296510
0.487512
0.376942
1.263803
1.564405
0.998735
0.223112
0.077627
0.459879
1.806878
0.013512
0.326310
0.273104
0.501019
0.013317
0.385715
0.201889
0.513892
0.617044
0.676188
0.976370
0.458170
0.442800
0.268351
0.407441
0.806232
0.366956
0.294568
0.580688
0.790279
0.564867
0.072102
0.269747
0.115554
0.027988
0.233553
0.036645
0.267558
0.363859
0.557451
0.245061
0.392251
0.082067
0.825927
0.097109
0.097798
0.212289
0.355380
0.857001
0.028208
0.143910
0.566558
0.531924
0.908962
0.048971
0.119244
0.508390
0.475015
0.535562
0.196660
0.261627
0.203426
0.307608
0.869679
0.388921
0.360686
0.110045
0.472437
1.317725
0.626833
0.166566
0.189724
0.149335
0.285196
0.066233
0.285216
0.473828
0.317460
1.436296
0.283000
0.372091
0.107558
0.058368
0.099074
0.015843
0.113750
0.248736
0.553470
0.848448
0.025284
2.612367
0.126904
0.241904
0.302654
0.024871
1.289648
1.721144
0.141234
0.383337
1.133232
1.617289
0.853989
0.119182
0.123475
0.146156
0.204850
0.529991
1.004273
0.820395
0.454392
0.176928
0.201023
0.781606
0.262297
0.357494
0.862221
0.472966
1.165166
0.337809
0.279685
1.518774
0.332549
0.528624
0.204448
1.405630
0.603848
0.150410
1.192328
1.470571
0.792943
0.815334
1.191994
0.475961
0.008209
0.067702
1.010460
0.217269
0.757463
0.660783
0.086349
0.236734
0.015904
0.336338
0.091781
0.289474
0.000231
2.274706
0.026276
1.167544
0.327526
0.326603
0.966358
1.696049
0.070905
0.105893
1.183470
0.895868
0.299511
0.841306
0.758256
0.141105
0.481578
0.582924
0.982652
0.503379
0.843644
0.649789
2.172707
0.452125
0.308682
0.078703
1.793451
0.338581
0.504343
0.075420
1.340135
0.504976
0.069310
2.027068
0.387137
0.470839
0.310203
0.250608
0.429470
0.451303
0.439822
0.329491
0.279149
0.018187
0.176010
0.116813
0.165368
1.232831
1.134982
0.076280
0.398860
0.621813
1.015690
0.384668
0.183231
0.199852
0.573359
0.163651
0.861374
0.191087
0.271631
0.698942
1.532945
0.397691
0.665014
0.338981
0.086355
0.110201
1.088223
0.664027
0.785814
0.318975
0.122713
0.124302
0.353974
0.361147
0.279705
0.777834
0.280543
0.196623
1.332810
1.932955
0.018748
0.802945
0.362562
0.210507
0.068925
0.110359
0.487428
1.499830
0.362507
0.021403
0.607140
0.316562
0.446402
0.288667
1.627492
0.691376
0.505866
0.941854
0.330941
0.279924
0.192537
0.604911
0.523222
0.877075
0.121745
0.040209
0.478422
0.518557
0.257423
0.395205
0.489855
0.289203
0.212041
0.075595
0.763531
0.321608
0.206527
0.260085
0.276342
0.962262
0.296636
0.068296
0.195134
0.019359
0.417678
0.167417
0.773446
0.113257
0.071080
0.158186
0.499015
0.300847
1.805245
0.164398
0.163602
0.104789
0.221179
1.126708
0.899688
0.713322
0.291072
0.307332
0.111006
0.773070
0.457512
2.006531
0.151454
1.389229
0.245106
0.579069
0.784917
0.900865
0.839938
0.061109
1.031646
0.238924
0.255069
0.539488
0.436824
0.379756
1.338770
0.120380
2.074580
1.172900
0.340788
0.152777
0.048974
0.954125
0.086133
1.314862
0.472792
0.457579
0.244760
0.832058
0.244270
2.155210
0.786466
0.521793
1.291400
0.099266
0.203038
0.630022
0.007584
0.079699
0.890122
1.094711
0.374569
0.131326
0.397119
0.058155
0.720049
0.326332
0.195611
0.687811
0.241907
0.851739
0.005330
0.323968
0.553742
0.092472
0.259410
0.165057
0.731362
0.784765
0.048145
0.084135
0.753506
1.078654
0.811474
0.606787
0.033300
0.073337
0.271696
0.041411
0.166875
0.144260
1.713304
0.832986
0.328522
0.362399
1.267850
0.140329
2.641292
0.140230
2.416155
0.237804
0.032277
0.001319
0.966784
0.658618
0.094060
0.150651
0.006686
1.405702
0.026702
0.055513
0.049774
0.887251
2.275702
1.138639
0.381033
0.027692
0.017224
1.523767
0.071567
0.191090
0.113546
0.053161
0.068839
0.577227
0.479134
0.025339
1.325963
0.472557
0.174055
1.272434
2.295500
0.220412
1.289510
0.932895
0.046397
0.050262
0.055674
0.053738
0.018081
0.085617
0.115957
0.069785
2.203489
0.109348
0.014048
0.368139
0.144049
0.031771
0.320877
0.241991
0.238368
0.564716
0.331349
0.354451
0.224359
0.053228
0.407353
0.171977
0.623004
0.952607
0.119481
0.605677
0.116409
0.073501
0.396409
0.175717
0.132206
0.528934
0.253935
0.155890
0.830841
0.464702
0.253854
0.799716
0.808848
0.277416
0.192167
0.026678
0.334127
0.786859
0.286025
1.007169
0.316977
1.263950
0.234527
0.889119
0.010693
1.341460
0.065113
0.661204
0.763574
0.203727
0.286097
2.330804
0.318729
2.041587
0.169046
0.608205
0.505233
0.577742
1.780083
0.295414
0.171461
0.230773
0.139937
0.048228
0.793650
0.414159
0.077689
0.166284
0.219984
0.433203
0.080972
0.872783
0.346288
0.371083
0.534310
0.367894
0.303994
0.753940
0.146769
0.136168
0.060113
0.585741
0.130001
0.439310
0.559263
0.362650
0.170086
0.184945
0.112144
0.150497
0.703906
0.337871
0.496600
3.745908
0.437541
0.276809
0.413521
0.649289
0.615593
1.254203
0.183089
0.974438
0.681398
0.820812
0.240216
0.255891
0.198159
0.907124
0.098735
0.435642
0.039219
0.172991
0.158507
0.181484
1.048270
1.449467
0.857987
0.090444
0.146587
0.010677
0.277032
0.004737
0.359078
0.028285
0.004456
0.050198
0.327092
0.423769
0.864679
0.104243
0.336803
0.069184
0.023417
0.133410
1.370988
0.278643
0.503605
0.152424
0.153452
0.840893
0.930072
0.207545
0.056267
0.061665
0.516567
2.053777
0.031442
0.312111
0.080686
0.189208
0.332230
0.427144
0.196140
3.059199
0.496335
0.202751
0.048982
0.058013
1.176353
1.237999
0.176723
0.251281
0.023097
0.210409
0.496061
1.973838
0.736426
0.153245
0.139503
0.017817
0.040569
0.045956
0.234783
0.101895
0.113980
0.009508
0.091912
0.153800
0.330010
0.190587
0.433566
1.730595
1.109836
1.173426
1.696698
0.367787
0.135699
0.030791
0.497556
0.076911
1.857527
1.315926
0.385660
0.010504
0.158415
0.091246
0.000745
0.021597
0.281747
0.140488
0.040216
0.355367
0.202309
0.300748
0.590587
0.384595
0.318238
0.986639
0.808235
1.539603
0.097972
0.240024
1.279461
0.035907
0.168140
1.099191
0.445880
0.370396
1.485446
0.124477
0.548068
1.291072
0.080342
0.113725
1.451827
0.272351
0.231214
1.465602
0.310190
0.807303
0.106362
0.387767
0.185349
0.371578
2.386885
0.001416
0.031470
0.310318
0.996920
0.991710
0.269271
0.021334
0.139625
0.207011
0.058866
0.376688
0.129405
0.603877
0.026959
0.097262
1.272433
0.633510
0.053326
0.036262
1.274041
0.023724
0.336614
0.172667
2.481378
1.520372
0.048832
0.102055
0.338384
0.257746
0.617245
0.330141
0.260120
0.734877
1.456542
0.156980
0.500408
0.224782
0.186417
1.044015
0.603835
0.274339
0.259844
1.323510
0.065863
0.306045
0.055975
0.022988
0.096862
0.116012
0.061022
0.051505
0.146121
0.464222
0.247065
0.141459
0.407129
0.329803
0.281978
0.025003
1.084636
0.075448
0.379719
0.172205
1.204425
0.324816
0.411415
0.390991
0.915841
1.027994
0.271133
0.389312
0.174297
0.868252
0.317535
0.270419
0.165399
0.429026
0.310576
0.306026
0.764126
0.430861
0.405567
0.018590
0.100690
1.455186
0.166281
0.672443
0.279737
0.625816
0.776071
0.188606
0.962162
0.193035
0.465183
0.722188
0.799841
0.091003
0.183080
0.507911
0.019598
0.645818
0.098530
0.202301
0.398193
0.523427
0.694143
0.888022
0.127428
0.119873
0.170159
0.004045
0.782085
0.929278
0.022789
1.808491
0.779484
0.198355
0.623382
0.123038
0.021158
0.347347
0.380034
1.129087
0.860323
0.074225
0.538767
0.482594
0.181462
1.693268
0.148519
0.209882
0.587779
0.286211
0.562821
0.137480
0.044307
0.277609
0.036872
0.185368
0.509751
0.222790
0.191239
0.281028
0.113858
0.225011
0.258003
2.502593
0.585360
0.061461
0.118769
0.657061
0.479130
0.680897
0.492752
0.287673
1.067503
0.168656
0.029121
0.102969
0.145503
0.188120
0.376357
1.439797
0.691957
0.114373
0.101818
0.898504
0.497833
0.147408
0.077730
0.157183
0.477098
0.309772
0.601507
0.853329
0.869191
0.054245
0.835193
0.360827
0.123257
0.011767
0.140745
0.900662
0.728484
1.028218
0.159008
0.523221
0.086228
0.199484
0.900696
0.264575
0.514380
0.226157
0.219048
0.248752
0.420029
0.387153
0.128195
0.110846
0.790688
0.231128
0.316107
0.263128
0.891744
0.092140
0.129201
0.533767
0.158116
0.020172
0.093283
0.336270
0.032429
0.268532
0.196158
0.885563
0.169579
0.454309
0.325689
0.295327
1.301215
0.188151
0.972209
0.420194
0.565748
0.118917
1.614598
0.141025
0.694435
0.103248
0.294035
0.393675
0.406765
1.221999
1.541054
0.246050
0.042498
0.100356
0.022919
0.217392
0.125125
0.121036
0.923165
0.167173
0.497855
0.091177
0.060549
1.251546
0.721143
0.449134
0.226438
0.584818
1.183990
0.124957
0.149187
0.438270
0.283521
0.123198
0.884638
0.101329
0.259562
0.160203
0.651700
1.630732
0.103716
0.573687
0.215643
0.156546
0.998961
0.251371
0.485653
0.044840
0.470971
0.311434
0.230994
0.137658
0.497520
0.330846
0.086485
0.250359
0.039927
0.370162
0.043555
2.039591
0.681628
0.208820
0.418345
0.097383
0.410250
0.252423
0.223468
1.672597
0.555161
0.046501
1.304653
0.975539
0.737756
0.161994
0.067736
0.504919
0.557174
0.689377
0.639166
0.165643
0.118941
0.047963
0.369773
0.922566
0.428412
0.572076
0.134528
0.528122
0.114422
0.192335
0.504366
1.485229
0.540473
0.112934
0.067162
0.124561
0.456373
0.332871
0.102444
0.156757
0.427733
0.059209
0.067913
0.212518
0.245852
0.146315
2.008010
0.031090
0.000905
0.607810
0.209494
0.120090
0.792234
1.001080
0.028555
0.231363
0.395339
0.172238
0.011468
0.695170
0.471746
0.536464
0.601536
0.158356
0.983669
0.872693
0.338611
0.306938
0.186642
0.565415
0.650751
1.087735
0.777736
0.965107
0.132438
0.097598
0.057472
0.120828
0.135651
0.058488
1.251423
0.433632
0.195713
0.624296
0.294265
0.238548
0.043611
2.373382
0.555584
0.056138
0.678037
0.165336
0.722377
0.291751
0.402619
0.489572
0.155633
0.023018
0.043388
0.432575
0.640477
0.832993
0.313171
0.357837
0.548125
0.598921
0.583121
0.744636
1.219945
1.302371
1.080789
0.888863
0.352588
0.117080
0.392707
1.506299
0.443585
0.493888
1.425007
0.149882
0.661749
0.576776
0.388880
0.344571
0.067649
0.049129
0.065260
0.250460
0.074585
0.115008
1.806661
0.985940
0.008306
0.288567
0.232562
0.573407
0.073467
0.031154
0.305153
0.025372
2.151977
0.209027
1.062038
0.339093
0.399740
0.276281
0.292864
0.074608
0.026765
0.243438
0.253437
0.770700
0.036254
1.391845
0.166976
0.109381
0.016145
0.260667
0.446427
0.093377
0.473054
0.414543
0.015826
0.494734
0.001024
0.258003
0.185951
0.074654
0.311351
0.729205
0.104235
0.298911
0.057743
0.035550
1.427602
0.538676
0.339777
0.243681
0.800045
0.394036
0.737480
0.108920
0.201134
0.919911
0.071898
0.477399
0.019184
0.090587
0.010807
0.494641
0.204784
0.501379
0.106416
0.228816
0.151472
0.107683
0.735533
0.424243
0.202071
0.133174
0.207252
0.367636
0.575720
0.297465
0.444892
0.492117
0.057090
0.043004
0.006052
1.182362
0.494017
0.764488
0.053665
1.595755
0.489611
0.134402
0.426658
0.542412
0.256595
0.452407
0.171383
0.668713
0.129720
0.328797
0.055298
0.336551
0.562978
1.039796
0.031903
0.004070
0.057619
0.256369
0.376165
0.786709
0.947046
0.062775
0.271450
1.578519
0.111823
0.281911
0.995617
0.880404
0.120535
1.679701
0.773195
0.911965
0.112166
0.223913
0.347223
0.461114
1.565976
0.782337
0.207642
0.102213
0.159240
0.293985
0.561596
1.482164
0.192512
0.666992
1.567643
0.279667
0.074088
0.332032
0.124921
2.181718
0.462204
0.510847
1.447616
0.813891
0.036815
0.825617
0.499469
0.167875
0.742353
0.271256
0.066085
1.832223
0.756378
0.489691
0.429895
0.666027
0.268329
1.242031
1.268836
0.582453
0.224037
0.452811
0.505923
0.570824
0.201946
0.449428
0.057772
0.317443
0.040719
0.200383
0.305571
0.571979
1.756772
0.257069
0.331872
0.021033
0.117969
0.062107
0.197554
2.055292
0.383422
0.299101
1.584845
0.189330
0.038796
0.382571
0.026324
0.336631
0.300128
1.792022
0.098011
0.836912
0.419603
0.842239
0.339799
1.152449
0.261638
0.461026
0.231205
0.332411
1.347751
0.878694
0.091408
1.164980
0.130350
0.528005
1.440261
0.289605
0.732601
0.157552
0.275183
0.181556
0.637354
0.240023
0.483414
0.792726
1.238334
0.555849
0.167809
0.228884
0.515341
0.310980
0.099090
0.118611
0.162566
0.558832
0.059062
0.577578
0.160967
0.328552
0.093542
0.116437
0.184920
0.206023
0.058518
0.386792
2.295861
0.027937
1.915289
0.711133
0.196246
0.256718
0.032709
0.023082
0.763489
0.574486
0.917105
0.599967
0.218507
0.066974
0.034189
2.952526
0.443940
0.141095
0.116886
1.005109
1.255584
0.192737
0.400402
0.107886
0.808539
0.639454
0.256938
0.058647
0.030600
0.359001
0.523941
0.025241
0.418064
0.493925
0.825292
1.109319
0.014811
1.025473
1.377244
0.835647
0.404194
0.749438
0.357474
1.195501
1.161304
0.430043
1.180831
0.337119
0.865081
0.060629
0.220413
0.676567
0.284640
1.190427
1.371727
0.134325
0.496029
0.205852
0.212527
0.583261
0.947739
2.711570
0.669288
0.269243
0.488034
0.394656
0.183804
0.528349
0.269981
0.139837
0.312179
1.781647
0.010402
1.847992
1.060619
1.279196
0.401539
0.770547
0.266387
0.234839
1.151531
0.733800
0.061857
0.203319
0.565130
0.026711
0.421640
0.182813
0.246738
1.238289
2.628554
0.136727
1.212695
0.659450
0.533006
0.382608
0.163152
1.651568
0.103613
0.594779
0.116093
0.527144
0.550255
0.129250
0.492735
0.396391
0.081472
0.098487
0.202684
0.414354
0.403252
0.132841
0.202415
0.554256
0.419007
0.005005
0.640013
0.073748
0.190043
0.059093
0.027283
0.186248
0.215947
1.671382
0.022268
0.003181
0.346001
0.194283
1.746241
0.580125
0.008887
0.097264
0.206359
0.577456
0.259233
1.674603
0.132198
0.404760
0.077553
0.416894
0.062961
0.597439
0.802017
0.300033
0.228808
0.228127
0.309191
0.046705
0.350068
0.751150
0.111977
0.406627
0.046260
0.400778
0.368286
0.070740
0.407897
0.010446
0.302476
0.374633
0.614248
0.318871
0.608805
0.023241
0.085056
0.057498
0.005180
0.246134
0.544666
0.083607
1.543491
0.761343
0.952715
0.699744
0.132699
0.123239
0.063703
0.592550
0.183818
0.487897
0.319014
0.354922
0.099039
0.410532
0.030751
0.603558
0.588770
0.480332
0.639378
0.078832
0.078121
0.280081
0.480355
0.944285
0.321515
0.743189
1.577279
0.331415
0.088709
0.484980
0.508874
0.062176
0.257732
0.336509
1.020911
0.505130
0.615988
2.294272
0.200358
0.008022
0.474587
0.809308
0.371373
0.786632
0.224602
0.438347
0.340189
0.027666
0.112325
0.121157
0.111379
0.212212
0.516517
0.849329
0.108187
0.062995
0.446874
0.082383
0.461893
0.700098
0.740984
0.138258
1.021583
0.096541
0.657287
0.674673
0.834227
0.289638
0.655450
0.076355
0.304046
0.210311
1.436311
1.951169
0.073088
0.182147
0.414654
0.496543
0.222474
0.723774
0.931388
0.409167
0.058664
0.335530
0.235726
0.182118
0.467240
1.702386
0.305489
0.117986
0.636906
0.130676
0.300535
0.446555
0.260081
0.101172
0.201142
0.122336
0.487599
0.031806
0.222098
0.040873
0.259591
0.179847
0.030034
0.389339
0.467512
0.486362
0.093500
1.699081
0.244533
0.007717
0.372641
0.344088
0.350739
1.157856
0.811721
0.059031
1.012817
0.150527
0.193976
0.443762
0.336625
0.742131
0.098583
1.129420
1.567694
0.356833
0.059711
0.433036
0.424067
0.318598
0.536316
1.881367
0.742145
0.629729
0.364665
0.239631
0.206351
0.582895
0.213338
0.645386
0.608088
1.030701
0.125804
0.116463
0.743674
0.012778
0.192203
0.513777
0.167872
0.511800
0.130971
0.746151
0.267244
0.263300
0.555353
0.231453
1.260029
0.764483
1.497346
0.337979
0.146828
0.468044
0.315660
0.014099
0.195806
2.130043
0.262601
0.542612
0.560740
0.705067
0.244789
0.237280
0.495257
0.470248
0.440497
0.257620
0.503651
1.175754
0.022897
1.262806
0.394252
0.160934
0.593945
1.603306
0.576951
0.227703
0.200280
0.463349
0.080701
0.164254
0.050171
0.258353
1.093932
0.414580
0.282220
0.119051
0.398657
0.915932
1.035940
0.126586
0.452891
0.151341
0.460033
0.127052
1.022935
0.103596
0.493130
0.352134
0.048207
0.557054
0.277145
0.507209
1.468715
0.064290
0.454277
0.499286
0.333220
1.308290
0.134421
0.504637
0.115935
0.201142
0.019908
0.049797
1.125912
0.317775
0.183126
0.293724
0.185706
0.099667
0.551192
1.182311
0.291599
0.156965
0.069863
0.187435
0.304923
0.708242
0.852291
0.397565
0.280382
0.139640
0.102814
0.235983
0.226536
0.763368
0.003925
0.951213
0.618427
0.139563
0.333068
1.242381
0.427556
0.372583
0.005758
0.317022
2.724600
0.191452
1.225619
0.182599
0.345419
0.435820
0.119101
1.412861
0.952455
0.209548
0.146083
0.183889
0.052566
0.037097
0.969690
0.376471
0.189299
0.021490
1.178236
0.568947
0.870990
1.221302
0.377831
0.382355
0.085170
0.008375
0.299998
0.657240
0.390395
0.310539
0.112162
0.385723
0.758785
0.060946
0.927660
0.163975
0.596173
0.028578
0.124445
0.396655
0.253676
0.320933
0.966840
0.344286
0.393947
0.621689
0.013546
0.984405
0.700526
1.343930
0.388138
0.431955
0.932292
0.036385
0.059967
0.000831
0.045398
0.415293
0.660342
0.495442
0.013604
1.358980
0.091006
0.824081
0.024988
0.005028
0.045618
0.683714
0.033903
0.183746
0.173287
0.311317
0.759849
0.080248
1.624383
0.197574
0.982596
2.207505
0.103387
0.475355
1.262110
0.648558
0.106610
0.723912
0.796945
0.181952
0.727457
1.075627
1.017229
0.346201
0.359144
1.132114
0.284243
0.567880
0.608169
0.329242
0.583704
0.782432
0.129129
0.701997
0.051801
0.367503
0.122859
1.058622
0.552482
0.098637
0.115372
0.376075
0.091325
0.249493
0.076681
0.045411
0.063653
0.203386
0.954389
1.240867
0.509780
0.481584
0.804878
0.355142
0.062750
0.187330
0.259248
0.400993
2.372192
0.057297
0.017258
0.569916
1.147085
0.151588
0.285034
3.009942
0.761697
0.528308
1.048628
0.299652
0.890127
0.043468
1.942554
3.202074
0.323245
0.064847
0.044506
0.452743
0.304255
1.381546
0.358778
0.049957
0.405090
0.187071
0.462641
0.559153
0.489879
0.004099
0.127272
0.478423
0.061896
0.149646
0.175506
0.007857
0.367181
0.655663
0.006625
0.179924
0.241368
1.105317
0.699232
0.120598
1.817826
0.659278
0.119546
0.298693
0.962466
0.176785
0.023235
0.185498
0.133761
0.407617
0.259630
0.780200
1.018515
0.004329
0.310986
0.340790
0.008464
0.582127
0.058312
0.071486
1.464054
0.260526
0.080562
0.314327
0.073463
0.088354
0.732470
0.366516
0.026882
0.369001
0.661870
0.013160
0.146790
1.464215
0.322874
0.057439
0.140083
0.368170
0.271054
0.326068
0.040931
0.867268
0.156682
1.480041
0.892305
0.658628
0.292028
0.944983
0.272342
0.401981
2.012734
0.228230
1.591669
0.070182
0.895382
0.050018
0.173315
0.460747
0.476925
0.211772
0.066199
0.214321
0.232015
0.237744
0.174868
0.938609
0.333685
0.387686
0.229529
1.179166
0.009354
0.295948
0.652707
0.169523
0.251187
0.411716
0.009939
0.907850
0.263817
0.289603
0.246922
0.248910
0.820293
0.214068
0.370228
0.509856
0.293019
0.846512
0.138125
0.029990
0.087960
0.227368
0.261132
0.380254
0.680904
0.605245
0.238660
0.131167
0.138151
0.688523
0.073189
0.150520
0.108084
1.001642
0.396486
0.444956
0.277725
0.418721
0.278072
0.904513
0.003432
0.847247
0.129600
0.838253
0.089913
0.696027
0.300991
0.468319
0.419056
0.591516
0.548717
0.652429
0.030425
0.037953
0.151472
0.811867
0.745931
0.512099
0.017081
0.008300
0.245996
0.093017
0.161768
0.437326
0.017742
0.868398
0.094553
0.309065
0.248050
0.456753
0.176367
0.253699
0.268236
0.372818
0.118440
0.433485
0.162175
0.544116
0.104025
0.930480
0.220681
0.962444
0.425797
0.268821
1.310056
0.899772
0.123408
0.605754
0.322694
0.145377
0.634193
0.998043
0.274138
2.662226
0.296313
0.305247
0.854754
0.483039
1.250311
0.117953
0.123149
0.121164
0.468355
0.501883
0.675017
0.854624
0.119942
0.008966
0.329070
0.256342
0.991152
0.913258
0.147335
0.285920
0.147120
0.100708
0.157451
0.320864
1.080021
0.684583
0.647164
0.462407
0.470567
0.080068
0.456303
0.029313
0.464296
0.270272
0.564075
0.369969
0.494046
1.125377
0.669815
0.134462
0.375583
0.325836
0.028177
0.676361
0.343183
0.384996
0.076913
0.222243
0.235810
0.253584
0.790815
0.498361
0.434023
0.033337
0.055203
0.312659
0.830844
0.887299
0.035374
0.272361
1.918022
0.549547
0.324028
0.437708
0.044086
0.083208
0.056118
0.622587
0.024588
0.929671
1.477367
0.429212
0.195080
0.001354
0.191096
0.856424
0.387924
0.308292
0.098309
1.236666
0.976020
1.803289
0.395500
0.288345
0.019036
0.526541
1.167318
0.940419
0.328492
1.778188
0.155669
0.308101
0.508449
0.682213
0.022143
0.641293
1.140311
0.080958
0.285279
1.457228
2.534598
0.241198
0.369007
0.190457
0.243393
0.914957
0.073330
1.295721
0.178186
0.189100
0.918749
0.085871
0.169672
0.245016
0.453230
0.196609
0.019648
0.345777
0.094767
0.367110
0.318063
0.290079
1.959262
0.057675
0.102077
0.011865
0.890785
0.043020
0.094937
0.154907
0.014307
0.091151
0.523647
0.399416
0.330256
0.017563
0.246918
0.483563
1.604504
0.584796
1.364631
0.805690
0.939671
0.125833
0.103993
0.292916
0.396609
0.128295
1.428514
0.636965
0.686068
0.266554
0.087451
0.648346
0.369247
0.211654
0.693177
0.218318
0.278929
1.281665
0.484069
0.304196
0.046937
0.156893
0.002969
0.425504
0.181088
0.251793
0.107117
0.152884
0.044495
0.068239
0.032980
1.347485
0.215444
0.144917
0.235653
1.139837
0.324975
0.191637
0.481105
0.127035
0.657631
0.753468
1.507234
0.146356
0.065930
0.603560
0.467682
0.400479
0.488944
0.129235
0.003450
0.625004
0.343674
0.006440
0.168796
0.807054
0.262493
0.326343
0.033270
0.340197
0.466881
0.068601
0.277596
1.573243
0.238872
0.809370
0.964407
0.975074
0.064045
0.319928
0.042839
0.954670
0.144537
0.016798
0.055793
0.234665
0.662094
0.624385
1.299692
0.221487
1.414347
1.348232
0.037024
0.288129
1.453431
0.221495
0.136518
0.218315
0.907743
0.180707
0.939877
0.293646
0.282391
0.159697
0.256386
0.833892
0.039123
0.147753
0.552943
0.108760
0.651855
0.695537
0.024233
1.944180
0.766772
0.082965
0.218556
0.365125
1.005098
0.164100
1.044091
0.822397
0.119343
1.473106
0.140486
0.085804
0.182172
0.330712
0.358188
0.076919
0.773686
0.222248
0.441862
0.123404
0.500193
2.208301
0.015253
0.614688
0.139705
0.600534
1.166590
1.792217
0.299209
1.501110
1.515874
0.133645
0.054472
0.182547
0.698700
1.741035
0.440523
0.495573
0.748510
0.799714
0.429378
0.010690
1.558143
1.067093
0.351637
0.314766
0.012274
0.172819
0.874382
0.472098
0.357637
0.306497
0.456812
0.389338
0.090640
0.924809
0.137293
0.035647
0.843565
0.586290
0.009660
0.727756
1.295016
0.065256
0.037679
0.566204
0.048041
0.536821
0.183069
1.011774
0.304611
1.072378
1.098970
0.265433
0.723155
0.250443
1.056246
0.777502
0.579561
0.610517
0.255262
0.109812
0.089174
3.342767
0.670023
0.199603
0.920855
1.914756
0.253715
0.534144
0.552384
0.269865
0.275063
0.450325
0.387666
0.342303
0.158342
0.498559
0.083588
0.431412
0.345448
0.471031
0.308959
0.245382
0.011165
0.127767
0.761283
1.157052
0.007206
0.315638
0.465981
0.267327
0.547211
0.733901
0.266262
0.258282
0.051967
0.146738
0.240402
0.343260
1.208082
0.025871
1.225368
0.203128
0.516582
0.301853
0.884718
1.235850
0.044021
2.052835
0.340204
0.437516
0.450329
1.545290
1.770108
0.478269
0.099239
0.698863
0.363791
0.108041
0.124826
0.065707
0.468831
1.086637
1.116123
0.010784
0.170984
2.379664
0.161254
0.556369
0.334817
0.103147
0.639650
0.256977
0.367262
0.227765
0.965829
0.215266
0.165258
1.401481
0.202751
0.745911
0.369617
1.309029
0.653856
0.340129
0.391355
1.201665
0.141417
0.030810
0.054859
0.314883
0.100999
0.623044
0.218075
0.039314
0.661583
0.515161
0.034699
0.004711
0.188767
0.405008
0.108944
0.018445
1.573539
0.629480
0.257172
0.835962
0.034079
0.575303
0.696125
0.254785
0.306791
0.160106
0.197486
0.104222
0.729474
1.016798
0.051425
0.006986
1.321800
0.112605
0.328078
0.059279
1.226843
0.899808
0.103768
0.521683
0.324800
0.146824
0.535175
0.785580
0.829340
0.958308
0.881338
0.727570
0.420762
0.131022
0.432261
0.503702
1.227151
0.200411
0.017337
0.233140
0.463470
0.223441
0.411426
0.232413
0.130369
0.537293
0.243580
0.086232
0.983815
1.007910
0.157500
0.744133
0.604369
0.305900
0.274064
0.098721
0.622549
0.041191
1.776620
0.368756
1.343953
0.804177
0.170070
0.347498
0.015387
1.008990
0.072951
1.444624
0.109892
0.093067
0.190668
0.808595
0.377745
1.051351
0.095157
0.713009
0.384404
0.409277
1.251426
0.252626
0.277319
0.104349
0.093697
0.067994
0.519210
0.449289
0.182871
0.221641
0.557268
0.162648
1.059178
0.463056
0.040318
0.092022
0.055372
0.057019
0.017905
0.137607
0.026783
0.132298
0.264180
0.230390
0.017310
1.412137
0.141900
0.116173
0.602628
0.765121
0.726773
0.481866
0.099325
0.106584
0.822256
0.216197
0.192189
0.301543
1.440294
0.491009
0.832881
0.478336
1.167203
0.586762
0.124064
1.971293
0.978877
0.196205
0.046264
1.122165
0.416392
0.075722
0.067615
1.856425
0.356412
0.087483
1.239903
0.706986
0.229309
0.479371
0.388635
0.071995
0.134043
0.637385
0.197324
0.021481
0.037120
0.518114
0.341531
0.007785
0.157804
0.182559
0.498858
0.095451
2.843464
0.951969
0.083848
0.967013
0.096545
0.139042
0.692021
0.674991
0.241687
1.043423
0.630002
1.117664
0.018558
0.500635
0.524722
0.258992
0.143317
0.105489
0.386510
0.331184
1.207950
0.999266
0.373721
2.016073
0.356344
0.010793
3.040207
0.757816
0.198184
0.495766
1.540841
0.195671
0.326974
0.057429
0.098790
0.532981
0.216372
1.320584
0.252387
0.663210
0.816466
0.059789
0.493916
0.919679
0.683821
0.162508
0.140757
2.602059
0.315267
0.765643
0.325885
0.237734
0.522358
0.002658
0.223667
0.085919
0.013509
0.221881
1.392049
0.218398
2.186033
1.114357
0.566210
0.314980
0.000420
0.972572
0.065618
0.217020
0.770318
0.366306
0.045339
0.446287
0.499910
0.626414
0.282359
0.236883
2.401136
0.564804
0.232491
0.307614
0.308633
0.951003
0.909733
0.057588
0.969083
0.110671
0.155084
1.071462
0.407025
0.114638
0.134977
0.392977
0.051140
1.228645
0.005885
0.051606
0.737818
0.072335
0.299080
0.407230
0.530716
0.384869
0.079804
0.168502
0.144622
0.432563
0.544492
0.139169
0.147751
0.017967
0.606071
0.630138
1.085896
0.388622
0.872101
0.677512
0.671399
0.048196
0.490078
0.175365
0.176044
0.987841
0.916732
0.250443
0.747311
0.954740
0.338707
0.395968
2.153796
1.425805
0.054994
0.511624
0.326112
0.144960
1.306382
0.655194
0.887976
0.445934
1.810487
0.045247
0.490956
0.563019
0.812133
0.358139
0.121681
0.494645
0.146174
1.549426
0.636573
1.052848
0.144325
0.008488
0.672715
0.047632
0.264528
0.362049
1.429805
1.166058
0.032148
1.324252
0.932677
0.091017
0.421772
0.195983
0.270731
0.343071
0.028051
0.143029
0.045288
0.014097
0.204210
0.622400
0.607829
0.074392
0.126437
1.259736
0.727079
0.324016
1.037315
0.333208
0.219380
0.066836
0.349871
0.049765
0.121666
1.227435
0.470774
0.086402
0.849232
0.557749
0.046025
0.542642
0.912167
0.536118
2.151331
0.148380
0.083762
0.020945
0.352164
0.137771
0.035654
0.918984
1.527114
0.739887
1.934088
0.096959
0.588518
0.684240
0.529505
0.417593
0.131957
0.004200
0.587738
0.664479
0.054407
1.189284
0.524016
0.624274
0.034147
0.314062
0.243332
0.083591
0.068829
0.126802
0.834893
0.061124
0.327713
1.690046
0.084858
2.146595
0.115837
0.127395
0.877805
0.086960
2.944799
0.820727
0.204669
0.584047
0.401267
2.260023
0.147351
0.765704
2.991175
1.464736
0.365960
0.053003
0.961703
0.092195
0.840088
1.262277
0.503650
0.110938
0.038365
0.720691
0.274945
1.083910
1.053796
1.170489
0.953683
0.017588
1.104116
0.030047
0.150205
0.631691
0.122924
0.148340
0.370754
0.403572
1.457156
0.039205
0.391516
0.112201
0.980146
0.388763
0.079838
0.237567
0.512270
0.000736
0.395476
0.303207
1.271550
0.100070
0.530200
2.673603
1.448242
0.039884
1.063526
0.866517
1.967033
0.659020
0.975323
1.022196
0.781909
0.062387
0.443178
0.004331
0.234220
0.059082
0.413332
0.192670
0.103428
0.055731
0.367804
0.023570
0.519136
0.551861
0.276037
0.169118
0.554085
1.767340
0.676758
0.447283
0.082564
0.251555
0.441493
0.051015
0.319350
0.314866
1.264435
0.301158
0.111326
0.752694
0.195041
2.316329
1.128674
1.208683
3.403954
0.156941
0.011273
0.412071
0.444793
0.117328
0.549603
0.058245
0.147323
0.187564
0.753274
0.568858
0.457859
0.297252
0.525313
0.208850
0.020088
0.811000
0.667407
0.491527
1.148774
0.117112
0.048861
0.856694
0.541280
0.173154
0.455421
2.076146
0.166323
0.339807
1.127448
0.165553
0.718964
1.246930
0.926585
0.216744
0.067662
0.356802
0.309684
0.240449
0.865585
0.137246
0.031588
0.274691
0.582705
0.621535
0.722246
0.650214
0.360773
0.347502
0.218027
0.266787
0.618492
0.295762
0.132791
0.231823
0.672043
0.889091
0.219474
0.011224
0.195960
0.144109
0.181253
0.045413
0.091848
0.079692
0.288642
0.174338
0.535677
1.152766
0.563738
0.327327
0.075607
0.668507
1.166894
0.881707
0.297896
0.550116
0.406107
1.646714
0.092042
1.201445
0.236098
1.051356
0.220075
0.470303
0.143101
0.050066
0.290502
0.463392
0.062487
0.723885
0.964055
0.273702
0.954357
0.011321
0.420686
0.171462
0.190459
0.128309
0.105732
2.475001
0.613305
0.200939
0.655200
0.470531
0.086867
0.098715
0.162168
0.628697
0.076596
0.294508
0.490614
0.365325
0.195044
1.987209
0.068490
0.424190
0.039788
0.420448
0.096833
0.107819
0.202919
0.015562
0.477936
0.102475
0.027245
0.101919
0.322768
0.230858
0.264445
0.548638
0.225270
0.062474
2.931834
0.048809
0.649588
0.085180
0.158841
0.002123
1.028819
0.267390
0.298340
0.343974
1.348598
0.740008
0.325623
0.031267
0.210994
0.404948
0.496174
0.367323
0.691287
1.646760
0.400333
0.226744
0.080195
0.463174
0.398140
0.488827
1.821029
1.606173
0.171265
0.205126
0.040168
0.169269
0.280640
0.815938
0.293338
0.604806
0.826890
0.189951
0.061586
0.149229
0.839569
0.024855
0.015438
0.172704
0.057769
0.234731
0.939198
0.670484
1.126836
0.453459
0.604133
0.295256
1.619858
0.946808
0.025625
0.356493
0.320544
0.012024
0.317024
0.720502
0.223361
0.395660
0.025909
0.779847
0.216309
0.340930
0.338132
0.087097
0.831408
0.467452
0.270560
0.488898
0.533369
0.297383
1.238053
0.724051
0.865719
0.720048
0.349977
0.632849
0.222619
0.114503
0.089512
0.192944
0.027836
0.120319
0.885904
0.374786
0.135665
0.178005
0.171767
0.455544
0.936337
0.208697
0.245277
0.109999
0.902615
1.056810
0.221074
0.519171
0.333327
0.746383
0.157232
0.076836
0.126517
0.102744
1.189901
0.023823
1.486448
0.264514
0.722993
0.184210
0.477906
1.318336
0.494870
0.553802
0.076736
0.306522
0.109751
0.238945
0.709069
0.334543
1.904355
0.463326
0.883228
0.227488
0.808742
0.546254
0.140344
0.086551
0.185956
0.657103
1.360553
0.434232
1.034784
0.085843
0.726548
0.759777
0.114257
0.627633
0.106605
1.733210
0.011723
0.823866
1.137350
0.527058
0.324244
0.020123
0.058155
0.560807
0.271809
1.011100
0.088410
0.253068
0.319102
2.362663
0.719250
0.159664
0.533205
0.003740
0.283090
1.695763
0.671168
0.228254
0.395653
0.474052
0.371447
0.187640
0.250203
0.651988
0.014150
0.440618
0.597541
0.026213
0.249814
0.451309
0.606297
1.021682
0.502480
0.836658
0.393349
0.027385
0.569737
0.613321
0.299353
0.082303
0.598427
0.119887
0.276809
0.218180
0.124645
0.974011
0.192800
1.602146
0.126771
1.007594
0.424243
0.689595
0.098986
1.685626
0.323864
0.116287
0.400793
0.095634
0.149598
1.446828
0.731764
1.624163
0.843793
0.257519
0.742587
0.222901
0.304237
0.302156
0.034361
1.183810
0.464842
0.722534
0.063627
0.015464
0.062716
0.207862
1.094180
0.287986
0.178016
0.059309
0.181595
1.025864
0.983305
0.330973
0.907434
0.205367
0.588281
0.245940
0.357620
1.500353
0.202595
0.163909
1.211862
0.080193
0.572896
0.577506
0.354510
0.074162
0.074537
0.426996
0.022574
0.680931
0.206666
0.089345
0.744212
0.304809
0.350360
0.542608
1.123497
0.813093
0.743662
0.110841
0.561671
0.502688
0.574400
0.358668
1.769020
0.234718
1.153664
0.328750
0.196442
0.133041
0.716402
0.134792
0.240479
0.292945
1.270728
1.102198
0.435225
0.030801
0.311783
0.490923
0.813700
0.811080
0.777985
0.431176
0.149857
0.173212
0.137221
0.083177
0.050523
0.007063
0.216997
0.736837
0.522233
0.017848
0.166247
0.482544
0.263572
0.101267
0.053183
0.663269
0.269753
0.991215
1.768642
0.801661
0.182393
1.113536
0.583107
1.089707
1.517236
0.082689
0.359000
0.704189
1.550039
0.179259
0.202702
0.120351
0.450795
0.425833
0.228783
0.585890
0.442546
0.635166
0.309115
0.134230
0.701878
0.681231
0.963770
0.089587
1.310784
1.554999
1.144562
0.211007
0.850954
1.018392
0.077187
0.065807
0.717131
0.890422
0.005132
0.625198
2.065407
0.369580
0.316562
1.397495
0.867994
0.810659
0.082915
0.270514
0.235529
0.366971
0.057164
1.648184
0.136724
0.420984
0.110590
2.523900
0.187790
0.027186
0.085760
0.137495
0.004177
0.028953
0.439372
0.874307
1.300585
0.650506
1.490964
0.581611
0.409636
1.603440
0.256356
0.391731
0.328893
1.020880
0.328950
0.182481
0.558228
0.503753
0.643002
0.024711
0.084126
0.890891
0.005633
0.250526
0.256080
0.117627
0.245254
0.625723
0.152279
0.394059
1.543150
0.157953
0.460100
0.387205
0.050937
0.374726
0.155147
0.023630
0.120970
0.874397
0.002847
0.478592
0.230379
0.334404
0.332987
0.952766
0.788625
0.086456
0.332891
0.363957
0.115972
0.512198
0.214428
0.123087
0.017863
0.692242
0.279172
0.274765
0.311304
0.586229
1.722245
0.270458
1.625527
0.421567
1.571081
0.029940
0.051024
0.126530
0.055066
0.186918
0.025434
0.058246
1.315112
0.271321
0.455209
0.267358
0.157387
0.248052
0.425432
0.705651
1.193999
0.756982
0.253053
0.148485
3.153750
0.283042
0.003251
0.277581
0.965631
0.317380
0.061885
0.866124
1.093394
0.040433
0.249410
0.930663
0.072979
0.336445
0.035272
0.137278
0.808933
0.062616
0.215433
0.653956
0.384472
1.475357
0.077615
0.821352
0.206849
0.630686
0.413589
0.141836
0.343283
1.607934
0.350509
0.341476
0.248902
0.357084
1.268505
0.141958
1.964532
0.019014
0.036438
1.012708
0.061082
0.310914
0.623431
0.144377
1.526740
0.758675
0.337549
0.702197
1.143434
0.919259
0.330921
0.285388
0.777107
0.494271
0.138178
0.068164
0.211267
0.815269
0.234547
0.920417
0.722079
1.053307
0.204881
0.084914
0.246126
0.148589
0.258222
0.230296
0.174355
0.320890
0.135347
0.263308
1.379798
1.495326
0.539703
1.101317
0.655506
0.081905
0.516374
0.495600
2.416853
0.068525
0.032954
0.758629
0.705199
0.182094
1.193702
0.052997
0.057939
0.166035
1.422666
1.033642
0.087721
0.162918
0.015055
0.398882
0.383036
0.283718
1.255142
0.884707
1.185796
0.084745
0.136539
0.926873
0.055829
1.147156
0.659952
0.904261
0.025786
0.236453
0.312719
0.021615
0.351482
0.376189
0.865791
0.151119
0.897869
0.656760
0.224245
1.435969
0.006893
0.180695
0.848812
0.095947
0.435383
0.937170
0.644167
0.061951
0.163951
0.515045
1.460328
0.103042
0.802053
0.102326
0.015016
1.174741
0.043999
0.718634
0.674856
0.072226
0.074967
0.115120
0.097285
0.516580
0.662906
4.276827
1.176716
0.420137
0.656401
0.154872
0.358534
0.682513
0.421589
0.199270
1.258081
0.081865
0.096334
0.515712
0.155689
0.303311
0.168805
0.120186
0.512280
0.044665
0.254358
0.555288
2.304508
0.329828
0.283746
0.656008
0.480479
0.424655
1.377422
0.790632
0.121934
0.555535
0.790163
0.064694
0.136693
0.372249
0.245293
0.695191
0.157118
1.577858
0.041539
0.104672
0.057380
0.147162
0.893045
0.235789
0.618551
0.063299
0.445370
0.216023
0.114310
2.227571
0.010843
0.108089
0.318716
0.303032
1.296007
0.046511
0.013581
0.988486
1.073264
0.139332
0.379970
0.565365
0.226729
0.738125
0.112967
0.697781
0.369624
0.319219
0.618417
0.460963
0.540535
0.852201
0.973199
0.339774
0.107899
0.418495
0.473460
0.765662
1.249357
0.847593
0.739495
1.400585
0.005451
0.139516
0.250246
1.374227
0.201966
0.272850
0.798471
0.121304
0.544979
0.200083
1.115707
0.014376
0.053402
0.049829
0.758541
0.488851
0.418205
0.337013
0.128139
0.129065
0.184422
0.043480
0.637660
0.349149
0.525303
0.202276
0.168660
0.419762
0.080765
0.030115
0.353973
0.087178
0.179722
1.156884
0.050449
0.502897
0.194065
1.119617
0.947451
2.114920
0.126319
0.677961
0.006942
0.196187
0.907444
0.791002
1.481872
0.258657
0.167586
0.095852
0.499003
0.449779
0.149024
0.216967
0.050363
1.193029
0.577224
0.240746
0.323220
0.897667
0.290437
2.050289
2.552139
0.678420
1.079454
0.047103
0.236422
0.115477
2.048090
0.128376
0.106392
0.115723
1.732555
0.114995
0.378751
0.819625
4.581278
0.326520
0.117706
0.167512
0.530639
0.919870
1.051581
1.213627
0.107331
1.820040
0.856649
1.051682
0.219942
0.175362
0.622194
0.795995
0.163737
0.611768
0.387186
0.089448
0.794122
1.237162
0.231043
0.754977
0.076704
0.412428
2.123557
0.058801
0.728702
0.363723
1.243405
0.728477
2.813048
0.067670
0.026560
0.525460
1.716684
1.327242
0.412889
0.087717
1.168664
0.240500
0.019819
0.150082
0.566069
0.694640
0.028700
1.572293
0.304915
0.451676
0.064328
0.145359
0.357258
0.337413
0.015927
0.528914
0.026941
0.008597
0.721414
0.856336
0.381684
0.570603
0.441757
0.377834
0.822914
0.508618
0.099645
0.745537
0.419748
0.678937
1.372696
0.318843
0.066553
1.837281
0.656131
0.810463
0.646192
0.772231
0.711893
0.100411
0.240119
1.059809
0.284770
1.112508
0.231556
0.313274
0.393427
0.275073
0.329483
0.184422
0.139032
0.008329
2.256452
0.884285
0.395736
0.795260
0.315396
0.650077
0.423207
0.018281
0.317725
0.353447
0.354016
0.451848
0.328375
0.136021
0.253097
0.115872
0.012531
0.085047
0.246159
0.260534
0.018507
0.865821
0.176946
0.261292
0.170242
0.925036
0.886415
0.737426
0.081990
0.037847
0.774894
0.075571
1.163045
0.203631
1.378003
0.231139
0.032024
0.354135
0.260484
0.380009
0.007217
1.223473
0.068066
0.342388
0.082213
0.371681
0.606419
0.097017
0.571127
0.047947
0.436718
0.631575
1.229306
1.062362
0.066338
0.113463
0.642425
1.543927
1.828831
1.037920
0.013840
0.717562
0.007467
1.326944
0.050708
1.510817
0.178177
0.086275
0.306968
0.611800
0.586924
0.320386
0.482836
0.852143
1.735454
0.736783
0.209720
0.556699
1.471224
0.011883
0.719845
0.377244
0.674931
0.565741
0.264056
1.001150
1.062073
0.071699
0.855669
0.964382
0.004087
0.937601
0.479321
0.011616
0.748722
0.624189
1.829502
0.039562
1.025965
0.283720
0.761413
0.413155
1.182970
0.256396
0.239370
1.039922
0.094414
0.641907
0.395500
0.063539
0.686209
0.185248
0.523604
0.333964
2.173437
0.030601
0.217091
1.010653
0.107189
0.094119
0.640409
0.112258
0.009213
0.206832
0.126840
0.791293
0.026598
0.110512
1.022546
1.284056
0.498922
0.528549
0.332434
0.385517
0.027606
1.005311
0.265953
0.127954
0.444722
1.598619
0.211653
0.204452
0.156488
2.575420
0.865387
0.147713
0.027530
0.096222
0.065797
0.141532
0.212814
0.933758
0.296764
0.226985
0.101836
0.556891
0.086853
0.134643
1.020061
0.015275
0.086817
0.347889
0.573835
0.517895
0.019776
0.666547
0.357848
0.300098
1.636758
0.052827
0.264173
0.183542
0.286250
0.568396
0.179377
0.149701
1.366214
0.219273
0.284402
0.030004
0.460092
0.758062
1.170326
0.025215
0.078524
0.046060
0.638029
0.181773
0.195841
0.446839
0.203894
0.330317
0.048347
0.008830
0.068787
0.070175
0.700897
0.510380
0.436425
0.629341
0.673427
2.457316
0.011747
0.096689
0.557089
0.196281
0.285083
0.466660
0.569250
1.013867
0.546806
0.165125
0.523207
0.420512
0.200563
0.790287
0.534628
0.026331
0.052090
1.976849
0.513822
0.284419
0.312083
0.662725
0.300122
0.449253
1.002212
0.114812
0.132309
0.296654
1.270032
1.795779
0.290056
1.444421
0.080245
0.059380
0.156694
0.437146
0.634226
1.485377
0.300019
0.242035
0.130676
0.052688
1.523101
0.410974
1.122903
0.469776
0.473021
2.487702
0.445815
0.146432
0.278357
0.027918
2.219538
1.052824
0.520825
0.960212
0.043542
1.058592
0.179022
0.002275
0.955523
0.675701
1.486966
0.000174
0.959010
0.122907
0.437564
0.424124
0.091161
0.017503
1.556870
0.252636
0.072175
1.193127
1.574256
0.014495
0.364100
0.420602
0.010953
0.056717
0.864915
0.297628
0.088095
0.832683
0.197865
0.826878
0.545819
0.263996
0.582857
1.680395
0.267859
0.388672
0.612794
0.226002
0.389051
0.409942
0.435636
0.066146
0.070409
0.689657
0.086175
0.045465
0.078273
0.173172
2.643718
0.053788
0.193791
0.358892
0.555546
0.210014
0.483009
0.340102
0.784028
0.759219
0.181465
0.062987
0.445332
1.732047
0.375997
0.162807
1.358981
1.435210
0.852675
0.511390
0.183344
0.222374
0.111524
1.097112
0.329787
0.201192
0.506406
0.512557
0.270811
0.760969
1.358859
0.266485
1.075805
0.147372
1.297200
0.404283
0.455962
0.393415
0.024590
0.246984
0.197011
0.217206
0.354803
1.234184
0.193607
0.018714
0.107336
0.147215
1.957532
0.005776
1.129046
0.169161
0.231414
0.050117
0.096543
0.960119
0.278130
0.836703
0.341274
0.931669
0.450830
0.279874
0.149194
0.324860
0.575888
0.101240
0.016423
0.165765
0.650996
0.041855
0.557332
0.027582
0.283395
0.099309
1.736042
0.700623
0.122230
0.088453
0.004397
0.109659
0.095354
1.172771
0.330793
0.392768
3.885654
0.538753
0.253378
0.277762
0.319282
1.113854
0.158092
0.034169
0.193472
0.376514
0.392481
0.002404
0.623019
0.429216
0.169117
0.290238
0.534249
1.596438
0.340648
0.046679
0.074879
0.310866
0.925255
0.219994
0.490586
0.953914
0.402474
0.801614
0.704889
0.018776
0.209944
0.704026
0.596044
0.674368
0.100208
0.092180
0.500729
0.301365
0.133559
1.534455
2.001676
0.753170
1.588925
0.592255
0.218830
0.140715
0.072208
0.005495
0.114231
0.495118
0.052715
0.210284
0.047979
1.431532
0.600790
0.630494
0.791165
0.145290
0.362196
0.399595
0.170560
0.976879
0.182416
2.114710
0.456513
0.334029
0.083501
0.131559
1.406546
0.245691
0.102208
1.273773
0.091061
0.077276
0.478335
0.367980
0.245918
0.693752
0.379521
0.449153
0.238062
0.499766
1.374956
0.317733
0.427663
0.504406
0.103474
0.230509
1.092480
0.605866
1.260779
0.097123
0.411148
0.127674
0.088358
0.086742
0.623527
0.189742
0.247655
0.528683
0.608707
0.428416
0.427077
1.022057
0.634160
0.105476
0.248346
0.056693
1.410802
1.284220
0.601878
0.192319
0.405170
0.505303
0.779407
0.069716
0.158280
1.876496
0.346081
0.086503
0.567956
0.271651
0.204293
0.136856
0.517152
0.343974
0.254347
0.220942
0.838802
0.778749
0.004928
0.364060
0.226933
0.438732
0.245258
0.043612
0.744388
0.755133
0.105807
0.627354
0.606160
1.106636
0.017370
0.149060
0.373970
0.867950
0.245459
0.799764
0.805497
1.092151
1.571826
0.326177
0.183086
0.172857
0.634045
1.509433
0.779561
0.062414
0.184316
0.461731
1.185903
0.191456
0.063941
0.158398
1.162879
0.354366
0.219290
0.564498
0.169053
0.394578
0.248365
2.272255
0.286731
0.277238
0.141953
1.649616
0.143432
0.504063
0.715848
0.025487
0.369639
0.632874
0.376320
0.883510
0.005155
0.142184
0.757751
0.804561
0.226956
0.046399
0.257748
0.158417
0.261068
0.369949
0.391612
0.184836
0.015523
1.141972
2.123078
0.190960
0.293395
0.236736
0.183236
1.061465
0.811745
0.403703
0.927056
0.026793
0.104796
0.463808
0.053722
0.621749
0.194655
0.498144
0.389118
0.202283
1.052944
0.193631
0.071168
0.139278
0.263570
0.383360
0.361466
0.847653
0.030036
0.029738
0.067049
0.046536
1.560194
0.058928
0.260709
0.255205
0.335048
0.624393
0.164300
0.172043
0.155396
0.065897
0.210270
0.304604
0.650945
0.294557
0.091868
0.025888
0.039486
0.616580
0.241599
1.541690
0.015084
0.362694
0.109899
0.289397
0.026346
0.622383
0.147778
0.058060
0.734259
0.240131
0.110637
0.646572
0.339184
0.464214
0.066962
1.978917
0.191343
0.259944
0.158746
0.439867
0.376333
0.477691
0.021101
0.148445
0.031212
0.117336
0.183603
0.073351
1.249296
0.586439
0.047510
1.473627
0.115580
0.169814
0.244648
0.149012
5.016228
0.514765
0.228917
0.734163
0.012251
0.417184
0.341879
0.363619
0.093573
0.484617
0.344233
0.335351
0.013192
0.734145
0.038309
0.404763
0.243079
0.061130
0.835137
0.294873
0.195967
0.063427
0.436114
0.138569
0.829478
0.558326
0.105093
0.008090
1.616871
0.429611
0.159942
1.616314
0.123804
0.512376
0.655103
0.139551
0.115945
0.127781
0.714174
0.237121
0.935872
0.149169
1.006054
1.028583
0.014010
1.407121
0.278535
0.266064
0.028355
0.136508
0.976590
0.238520
0.221628
0.290051
0.485680
0.091793
0.059834
0.833001
0.101530
0.038103
0.245109
0.305818
0.017255
0.466771
0.051932
0.722294
0.949822
0.182367
2.286601
0.471669
0.574839
0.903396
1.014842
0.398759
0.615508
1.132902
0.336285
0.072582
0.184735
0.393438
0.234234
0.091407
1.289284
0.658564
0.467272
0.394333
1.150371
0.636518
0.220454
0.043643
0.788471
0.681398
0.389486
0.878143
0.216082
0.510513
0.447597
0.112370
1.453793
0.435117
0.835521
0.495310
0.269756
0.570612
0.098134
0.066749
0.429985
0.551029
0.150614
1.084573
0.119477
0.502739
0.027123
0.073477
0.228032
0.539459
0.573191
0.154652
0.239064
0.019768
0.215105
0.095248
0.763515
1.107059
0.000383
0.071772
0.378070
0.448535
0.203979
0.323053
0.095208
0.079464
0.055226
0.446228
0.878720
0.166186
0.628200
0.259042
1.503831
1.852782
0.171291
0.089050
0.470220
0.209934
0.178200
1.860083
0.001454
2.009341
0.138412
0.241411
0.010503
0.447557
0.406428
0.813821
0.329073
0.407292
1.384898
0.006398
0.080915
0.158946
0.335332
0.194894
0.271726
0.449720
1.221790
0.141695
1.043667
0.495067
0.526505
0.876007
0.463028
1.416626
2.288642
0.120037
0.167069
0.170911
0.104867
0.169101
0.158417
0.281949
0.554192
0.172893
0.011354
0.128298
0.050432
0.351237
0.765072
0.016917
0.364237
1.350861
0.182344
0.003002
0.147662
0.645214
0.457134
0.092479
1.781062
0.322343
0.798097
0.487405
0.179588
0.256431
0.414958
0.172278
0.476804
0.941804
0.434930
0.814444
0.072459
0.957093
0.133852
0.816905
0.078253
0.148743
0.015815
0.137757
0.717655
0.842700
0.160162
0.163776
0.688251
0.433361
0.167947
0.001627
0.181576
1.079203
0.094437
0.161579
0.222880
1.744080
1.145709
0.541484
0.231545
0.310684
1.527490
2.110464
0.186076
0.381641
0.778345
0.294987
0.244210
0.012163
0.144157
0.378873
0.165190
0.165370
0.739416
0.022137
0.050595
0.023641
0.194763
0.928239
0.491556
0.468149
0.938749
1.332313
0.339045
0.009661
0.115661
0.955533
2.236197
0.055685
0.360247
0.222553
0.419878
0.314021
0.211223
1.055715
0.000116
0.071777
0.196220
0.244398
0.085844
0.427913
1.249997
0.289114
0.971323
0.585609
0.329292
1.527891
0.666268
0.817477
0.796517
0.224746
0.266333
0.516019
0.172954
1.178925
0.543624
0.345513
0.708282
0.526968
0.463589
0.158001
0.005369
0.094682
0.668385
0.219438
0.026411
0.668826
0.335659
0.235838
0.066294
0.520252
1.509113
0.021500
0.044870
0.824578
0.658570
0.419952
0.715023
0.315831
0.233633
0.407538
0.886980
0.771472
0.112269
0.065489
0.588220
0.997445
0.486035
0.298082
0.362225
0.128112
0.636522
0.373368
0.254204
0.305627
1.065698
0.298917
0.108375
0.231251
0.874472
0.192128
0.008582
0.750638
0.224028
0.054265
0.439669
0.048934
0.555996
0.212052
0.412224
0.022699
1.166723
0.248678
0.887843
0.054993
0.361418
0.369343
1.722962
0.073280
1.776094
0.330372
0.224989
0.587790
0.004835
0.715447
0.080489
1.107979
0.118433
0.210460
0.151394
0.018823
0.543244
0.163046
0.841272
0.012009
0.239914
0.254615
0.062194
0.026810
0.682632
0.567358
0.050790
0.521672
0.036474
1.310186
0.696919
0.439710
0.298449
0.636489
0.638814
0.273072
0.113787
0.043684
0.059494
0.119865
0.930766
0.151141
0.054969
0.028533
0.463713
0.227344
0.048483
0.155325
0.515874
1.184969
0.171782
0.012519
0.182322
0.261892
0.040028
0.025774
0.045078
0.095293
0.598611
0.085134
0.053097
0.298779
0.676504
0.399513
0.093074
0.310730
1.771161
0.233713
0.395381
0.043452
0.441604
0.248023
0.210878
0.586650
0.295779
1.483430
0.028820
0.387124
0.121396
0.601365
0.294811
0.352941
0.644319
0.695188
1.227006
0.807951
0.807880
0.000132
1.840744
0.345802
0.085291
0.039286
1.488698
1.143178
0.491480
0.063306
0.224085
0.454226
0.338943
1.191386
0.569853
0.041070
0.177461
0.012245
0.733780
0.683850
1.800957
0.872981
0.167217
0.104308
0.372378
0.654148
0.593100
0.143510
0.327673
0.469105
0.026064
0.165642
0.469442
0.012970
0.759860
0.725708
0.053331
0.655226
0.545509
0.649085
0.945988
0.012828
0.195649
0.208924
1.351800
0.001958
0.272704
0.131858
0.014252
0.105303
1.888660
0.000415
0.007775
0.151481
0.104820
0.388895
2.360443
1.075978
0.780522
0.319169
0.339046
0.919034
0.700866
0.053432
1.006759
0.382920
1.009131
1.715621
0.154186
0.378832
0.593103
0.060849
0.406608
0.009308
0.304516
0.336286
0.011302
1.045826
0.639015
0.025885
0.034366
0.599543
0.026322
0.042699
1.608229
0.137485
0.487005
1.507926
0.066280
0.265954
0.274806
0.479292
0.146108
0.097191
0.632776
0.063845
0.621899
0.439775
0.045799
1.887684
0.061802
0.761975
0.048066
0.558653
0.806205
0.396792
0.088634
0.865648
0.276080
1.076478
1.033352
0.337378
0.436604
1.293004
0.424987
0.390763
0.090213
0.108461
0.339907
0.170706
0.467641
1.239159
1.181162
0.986343
0.048681
0.488705
1.976211
0.816059
0.117068
0.035383
0.760614
0.196533
0.950129
1.032622
3.072405
0.526433
0.273219
0.087356
0.321235
0.933090
0.022583
0.213400
0.204741
0.492486
0.158786
1.196144
0.092469
0.287390
0.054677
0.542551
0.648054
0.620858
0.431669
0.500114
0.424350
0.555880
0.147803
0.402398
0.322660
0.312432
0.485295
0.148571
0.779566
0.318961
0.069789
0.774493
0.065438
0.400662
1.476698
0.454016
0.252548
2.414060
1.441997
0.659427
0.481886
0.121785
0.512409
0.774154
0.529714
0.682707
0.298487
0.238818
0.304253
0.014083
0.006014
0.014131
0.599981
0.155903
0.434569
0.095762
0.659396
0.112716
0.282256
0.369306
0.559569
0.412354
0.185358
0.795095
0.059900
0.148932
0.249445
0.356120
0.143572
0.205403
0.138545
1.013026
0.402665
1.073441
0.532885
0.115592
0.494266
0.055501
0.441135
0.043714
0.071264
0.455793
0.059156
0.890800
1.004919
0.589263
0.002975
0.456313
1.122614
0.287499
0.064345
0.419127
3.420568
0.281510
0.226002
0.059298
0.582555
0.706205
0.485492
1.387958
0.048988
0.994995
0.819569
0.519779
0.686108
0.309382
0.957966
0.234468
0.417878
0.288975
0.306288
0.600805
0.018886
0.421552
0.378493
1.166814
0.151835
0.384856
0.348164
0.084797
1.827670
0.486883
0.642823
1.807414
0.027152
0.045606
0.044368
0.675401
0.927736
0.612431
0.567651
1.381917
0.421410
0.331336
0.437742
0.189870
1.458625
0.286470
0.586065
0.359100
1.040074
0.080284
0.118914
1.216092
0.632867
0.678529
0.844272
1.952618
0.163861
0.190483
0.073008
0.146236
1.399601
0.980862
0.128520
2.413982
1.464605
0.186674
0.660187
0.780757
0.008968
0.265208
0.649384
0.442496
1.132486
0.185874
1.167775
0.922849
0.686407
0.450130
0.218831
0.486028
0.677158
0.417491
0.381624
0.307949
0.184591
0.214671
0.289648
0.443533
0.548100
0.428497
0.921699
0.464439
0.285419
0.035417
0.454410
0.240236
0.238984
0.200213
0.094184
0.253529
0.676632
1.145442
2.100429
0.507740
0.117415
1.095791
0.326825
1.560668
0.328693
0.898825
0.430898
0.126590
0.255771
0.059081
0.575242
0.617440
0.308565
0.065752
0.176390
0.067550
0.599971
0.074824
0.657219
0.071783
0.116201
0.199028
0.362057
0.442555
0.536970
0.580675
2.102063
0.255367
0.440654
1.754672
0.019223
0.792505
0.977175
0.364462
0.695063
0.207863
0.216843
0.199160
0.414841
0.697797
0.289910
0.142063
0.309433
1.153852
0.231456
0.710883
0.013625
0.035931
1.139931
0.709941
0.113499
0.055507
0.045309
0.633497
0.589486
0.683193
0.259815
0.565782
0.078279
2.356318
0.521430
0.100834
0.771061
0.352507
0.602330
0.385046
0.935525
0.026748
1.003403
0.263689
0.815854
0.182342
0.535272
0.154520
0.115395
0.014061
0.012434
0.132619
0.051056
1.277215
2.368420
0.178443
0.013859
0.040532
0.009322
0.636024
0.865348
0.275590
0.253097
1.717222
0.267857
0.022901
0.081489
0.112086
0.399996
0.950552
0.669423
0.252675
1.164911
0.462457
0.821381
0.613948
1.198548
0.311562
1.804865
0.061147
0.338109
2.996262
0.213923
0.444015
1.261404
0.207245
1.097683
1.469711
0.269946
1.188401
0.549576
0.137237
0.200898
0.033102
0.116461
0.684488
0.057610
0.221720
1.463618
0.538666
0.117084
0.576493
0.028922
0.059087
0.169657
0.993003
0.853387
0.109551
0.197627
0.783885
0.186890
0.851748
0.777932
0.539348
0.260849
0.616803
3.620600
0.174899
0.533358
0.269332
0.113026
0.194827
0.534284
0.380934
0.244508
0.998598
0.163446
0.342193
0.125810
0.127636
0.084267
0.282140
1.201763
0.118684
0.391196
0.109914
0.038471
0.224112
0.250523
0.255870
0.082868
0.612046
0.123271
1.421270
0.227803
0.490401
0.525600
0.227238
1.263865
0.182890
0.760925
0.065330
0.495850
0.288298
0.533106
0.007975
0.180110
1.363071
0.358130
0.372153
0.087071
0.549088
1.563688
0.035976
1.051133
0.345431
0.155146
1.517007
0.983397
0.540686
0.217261
0.006454
0.228520
0.423065
1.545540
0.659845
0.109027
0.464471
0.051571
0.061693
1.211664
1.058858
0.136272
0.388730
0.191279
1.123338
0.406250
0.484270
0.882398
0.035038
0.078502
2.237123
0.662502
0.053496
0.029888
0.473399
0.458550
0.196367
0.414938
0.308481
2.122437
1.240393
0.320508
0.217324
0.333983
0.279125
0.044574
0.574691
0.016685
0.101236
0.802834
1.442929
0.032528
0.019269
0.331426
0.239721
1.344526
0.020866
0.000618
0.715297
0.057453
0.079225
0.692017
0.924953
0.142510
0.823725
0.303271
0.943006
0.070927
0.009420
0.184622
0.062733
1.366578
0.761598
0.317838
0.274295
0.117720
0.405641
0.055691
0.138929
0.671624
1.175091
0.103382
0.809716
1.427576
0.556472
0.100973
1.037755
0.622890
0.101729
0.504396
0.859721
0.200709
0.242884
0.544700
0.432123
0.106742
0.062979
0.278396
0.196141
0.073678
0.665332
0.292058
0.037361
0.364579
1.219909
0.340842
0.649987
0.316059
0.457694
1.754228
0.116306
0.350879
0.085303
0.004787
0.295963
0.880874
0.106837
0.193749
0.388851
0.236190
1.568513
0.224217
0.613984
0.208792
0.012636
0.168257
0.381354
0.077336
0.623612
0.976264
