1.336408
1.709969
0.988783
1.859066
0.523312
1.306474
1.490352
0.430473
0.153195
1.198125
0.154084
3.390336
2.429809
0.304673
0.233877
2.113647
1.013057
2.179000
0.712000
0.492727
0.909270
0.701500
0.728603
0.327940
0.503909
2.670750
0.749271
0.479069
1.333157
1.430842
1.078795
0.346370
0.693005
2.419243
2.239627
1.035453
0.919862
0.997720
1.323090
0.962258
2.835406
1.376172
0.825099
1.878448
1.571446
0.914453
1.205641
0.201487
0.480607
2.010646
0.561619
1.233360
0.067837
1.116538
1.434843
0.512882
0.831470
2.610784
0.805329
2.629594
1.082830
1.973895
3.611107
1.766411
1.410242
1.988886
0.387664
3.380875
0.476225
1.614357
0.823842
0.188809
0.593314
1.580497
1.998548
2.406916
5.271631
0.669153
2.631451
0.458747
5.123962
0.241069
1.601981
5.575122
1.223757
0.629092
0.497068
2.342312
0.323683
1.132311
1.733945
1.261758
0.594324
1.562446
0.595204
2.109756
0.936628
0.802487
1.831438
1.260305
3.598893
0.153717
1.334853
0.482069
1.644074
0.773678
4.345340
1.611615
1.297427
2.453855
2.128172
1.267814
2.793676
1.030505
1.249209
0.957450
1.583718
1.680608
0.585985
1.842118
0.428507
2.736883
0.637125
0.838522
1.226373
1.051398
0.367076
2.691819
1.917628
2.246718
0.963240
1.719298
2.359522
3.267247
2.359731
1.159145
0.623858
2.218374
0.406630
1.982852
1.577719
2.850336
0.712994
1.254916
0.796217
2.093463
2.878267
3.379871
1.068242
0.350313
1.613223
1.359365
3.953435
2.646500
2.735950
1.136997
0.766161
4.157015
0.855236
0.126554
2.093248
1.859533
1.768266
1.457644
1.603190
1.247092
0.279761
2.574417
0.797797
0.533996
1.481334
3.362104
0.277924
2.599744
1.095273
0.916796
1.565200
0.861875
0.779948
0.271283
1.046520
3.402180
1.515190
0.964587
2.236432
1.188099
2.511727
0.342689
1.116229
0.541318
0.376220
0.634812
2.848616
2.177382
2.299740
1.290677
0.781473
2.691540
0.955963
1.479033
0.223842
4.413632
1.297154
0.378048
2.437385
4.227646
1.132423
1.130418
0.802946
2.021542
1.264358
1.909705
1.765767
0.433383
0.399979
1.191837
1.510017
3.738908
1.403910
0.278875
0.442257
1.697905
0.753404
0.131818
1.119206
0.355676
1.329385
1.999829
3.867629
3.194001
0.882739
7.456482
2.925400
2.714317
0.375366
1.920680
2.502393
1.372460
0.566230
0.484864
0.813538
1.818660
2.725923
6.528004
2.392313
4.705805
1.184942
1.071933
3.409884
0.256055
1.208109
0.288342
1.881190
2.108152
0.327511
0.535599
2.632776
1.544631
3.192720
2.359742
1.323401
0.719902
2.353010
1.075275
0.458520
3.158432
0.515948
4.513086
1.166535
0.894242
0.438047
2.166827
0.256582
7.742658
2.152513
2.754233
4.658517
0.719314
0.812152
3.149984
0.822019
2.253558
4.545286
0.198866
1.414042
0.272454
0.601842
1.075734
1.725796
0.434183
0.701646
0.621123
0.974009
0.315281
1.634885
1.283632
5.290383
2.305520
1.230067
1.143241
0.510630
1.568485
0.689334
0.615223
1.565858
0.187427
0.351558
1.509921
0.777920
0.994689
1.284627
1.508320
0.588907
1.232694
1.606083
2.103778
1.376570
2.505592
0.603110
0.662085
4.110127
1.132464
1.107821
0.905645
1.308283
0.372216
2.761228
1.282995
3.045531
0.954977
4.993813
0.299614
0.074381
0.662297
0.749502
1.581493
0.720735
0.928832
0.668978
1.369274
2.068003
2.058501
0.515993
3.932497
0.719086
2.255838
1.935316
2.370183
1.624577
3.444861
0.270811
1.525464
0.993525
1.239600
4.100827
3.320649
1.493889
2.514402
1.114501
1.248653
0.639432
1.084085
1.421511
0.649735
1.715288
2.576480
2.616871
3.430953
0.632483
0.373606
1.209734
4.752673
2.608931
1.656837
3.561462
0.427832
1.125488
1.727393
3.542701
0.382729
1.528478
7.887710
1.861948
0.104583
1.237776
1.742733
3.472869
0.392673
1.290121
0.980317
1.530504
2.003445
2.409470
0.571567
4.449075
1.230107
0.233116
2.457444
1.082442
0.719043
3.382353
3.329272
0.684672
2.203763
1.446278
0.572047
3.107457
0.225797
2.666768
2.589636
0.472887
1.178382
2.584244
2.588492
1.201675
0.913889
1.317052
1.061814
1.143827
0.284246
2.349822
0.328248
2.300731
1.630465
0.728832
2.178647
0.484749
0.815857
1.555694
1.446984
1.417333
1.368196
1.263181
2.358286
0.889498
0.377786
0.102868
0.712457
0.468328
2.743327
0.414605
0.756865
0.905069
4.191392
0.462671
2.507123
0.851985
1.717279
0.736331
2.212570
1.944497
0.356449
2.710624
1.337781
1.953640
0.467102
0.855282
2.818303
1.111922
3.736443
1.154544
0.169690
1.248747
4.786860
2.510484
2.590423
0.338300
2.576453
0.414848
0.637527
1.923387
0.654111
1.237723
0.341590
0.593735
1.613300
3.296816
1.300215
0.822535
0.590652
0.838933
0.249373
0.770999
0.580347
1.469187
0.173729
0.860788
3.239445
3.073058
2.164011
2.748530
0.955161
2.290569
0.968047
0.920303
1.647368
0.673674
1.098297
1.241672
0.907065
1.695046
0.662713
1.450486
0.532715
0.830970
2.179162
2.312605
0.684917
0.825492
0.438803
1.099483
1.603986
0.541594
1.941789
2.432715
2.088511
2.050055
0.521711
1.778585
1.702319
3.650244
1.397860
0.245038
2.038592
3.705705
1.020685
1.019259
0.575967
2.574768
3.126220
1.346212
1.276896
0.487657
0.454347
1.777798
1.151108
3.196367
1.233606
1.861755
0.664489
1.573978
0.507033
2.730917
2.266373
2.889311
1.834216
1.409073
1.644199
2.709392
0.716637
0.833330
2.359467
2.410777
0.930717
1.424145
2.147096
2.128163
4.889876
4.251068
1.577087
2.961258
1.274388
0.488833
0.247638
1.648439
2.483411
1.265992
1.412255
0.879815
0.650985
2.290572
4.222481
0.973348
1.746881
2.119631
0.751164
0.974792
0.885699
3.333793
0.711289
1.510015
0.692415
0.330123
1.078697
1.538055
1.659005
0.624135
0.985055
1.611252
0.566922
0.161046
1.326809
1.834927
0.534919
1.455542
0.913226
0.114370
0.388075
3.344363
0.903959
0.859265
1.961576
0.844091
1.885398
1.044901
0.378338
7.177496
2.291804
1.098668
3.311829
0.299856
0.257267
0.548139
0.481795
1.196857
2.220141
2.257613
1.821311
0.566826
1.093841
2.869965
0.611625
4.710053
1.478577
0.960305
1.406271
3.773201
0.985142
1.718165
2.828146
1.996026
0.079042
1.559612
0.311589
1.908040
0.235465
0.533409
1.902014
2.564905
1.534579
1.648042
3.187889
1.696044
2.421080
0.295246
0.497925
1.562891
2.676285
2.595758
2.314047
0.812508
1.993833
0.158111
0.776314
0.879510
1.005977
2.632966
0.787029
2.222171
1.314229
0.556326
1.331845
1.328996
2.279594
1.528725
0.724908
2.549307
2.168027
5.258472
1.818886
1.000157
1.615062
1.551584
0.298167
1.161705
1.763272
0.633675
0.372881
1.362588
0.324238
3.065697
2.644466
2.376548
3.339073
0.499237
0.521474
0.859855
0.134731
1.138370
0.442090
1.355191
1.621996
1.704609
0.359807
1.110741
0.758764
0.910449
0.792758
0.299663
0.888941
0.040174
1.149329
5.165280
1.556235
1.310012
1.135404
0.811805
2.025147
1.373079
2.641842
2.420557
1.148771
1.909237
1.650820
0.993977
2.782206
2.348872
1.924658
2.928611
0.753415
2.601038
1.103541
3.251928
1.293160
1.322197
0.945431
2.298458
2.921001
1.718767
2.750588
0.677061
1.724047
0.881066
0.654261
0.788927
2.749440
1.780174
1.509554
1.577425
0.690615
1.155684
1.133438
1.868775
0.582691
0.409312
0.407371
0.320125
3.348878
2.492289
4.224916
0.615150
1.806496
1.039064
0.458349
0.643116
3.795081
1.250063
0.204689
2.555246
0.557568
3.084221
0.362945
2.605992
0.700267
0.840527
0.501522
0.446555
0.127941
2.064666
2.051129
0.719466
0.656758
0.631349
4.520151
1.059359
0.858411
0.357395
1.232477
0.719058
3.359531
1.163566
1.166368
1.579214
2.875725
1.516523
2.587385
2.522817
0.421565
2.866913
1.799753
0.795465
2.248616
2.193074
0.508292
0.263362
0.408616
0.822461
0.558920
0.440493
0.324278
3.537757
0.979695
0.810674
0.514636
0.933920
1.948573
1.213037
1.131042
0.667580
2.039555
0.980443
1.849264
0.654702
0.155187
1.491244
2.483145
2.747130
1.103136
3.860560
2.078292
0.475296
0.711798
1.394109
3.370135
1.040193
1.545458
0.238203
1.936734
2.260944
0.535396
2.297816
1.988976
1.384842
0.420085
3.042918
3.340148
2.571515
1.002376
0.977645
0.357198
0.505465
2.145032
2.249805
0.975698
2.249615
1.002536
0.649570
1.727480
2.531231
0.565496
1.091995
5.328227
1.101847
0.086859
3.233701
2.652291
1.566244
4.116299
1.479671
1.062646
0.467641
1.012917
0.538501
1.817325
1.284971
0.333086
1.584257
0.950288
1.182520
0.156541
1.148748
1.604339
2.251390
0.726593
0.177980
1.492187
1.698213
0.702763
0.747068
1.263766
1.091693
1.881278
1.240058
2.846223
1.908368
1.061345
2.015437
0.898236
0.991006
0.890694
2.145273
1.314425
2.024106
3.738695
0.665896
0.746100
0.201314
2.685248
1.649654
1.262544
2.864624
0.423328
0.495241
1.775196
0.970633
0.550328
0.774563
0.262516
1.075113
1.399846
1.401003
2.742278
0.765251
0.314932
2.065461
0.112638
1.229677
1.261555
0.921829
2.930439
2.633047
0.473532
1.068598
1.532533
0.369136
1.697915
2.882325
0.443954
1.316265
1.337239
1.617935
1.055030
1.683087
2.223529
0.413463
0.249504
4.351525
1.012345
0.384896
1.018899
4.293109
1.706880
0.760514
0.710858
1.980495
0.241948
0.733574
0.680664
1.379553
1.587304
0.468371
1.047431
2.123769
1.408771
0.210678
2.702477
0.669640
3.294669
7.544017
2.117781
1.159342
1.614611
0.590238
0.455673
1.081736
0.820619
0.557625
1.025352
1.882404
0.762785
2.357433
1.781513
3.778770
0.387659
3.685118
1.804127
0.488725
0.634364
3.519030
1.846873
2.575074
0.336102
0.448956
1.574404
1.648595
0.525188
1.225673
2.877308
0.366450
1.223123
1.688216
1.393377
0.467925
2.646381
1.808597
1.424278
0.545209
2.797475
5.101967
2.923120
0.524436
2.288796
1.452964
0.428308
3.086623
1.320758
2.355117
0.281580
2.045232
2.057856
2.097967
1.523288
2.498495
2.974642
0.673494
1.215171
0.300569
1.964585
0.969461
0.514002
0.667603
0.252391
1.913607
0.951678
3.112127
1.057012
3.748432
0.355730
0.808729
3.513679
4.886587
1.166535
2.005013
1.411598
1.476990
1.672114
0.401373
1.032794
1.886634
2.678064
0.543046
1.202687
1.177647
0.143725
0.979360
1.883608
1.258669
1.127820
1.129962
2.948335
1.544934
1.795558
3.629599
0.886294
0.313390
2.626866
2.105667
0.175191
3.680641
0.329626
4.100288
3.412744
1.361072
1.871718
1.245158
0.486600
0.948854
1.537604
1.388077
0.369326
1.189075
1.962586
1.447036
3.969118
2.039213
4.365836
1.746392
0.731731
1.070989
0.468411
0.525725
0.255793
2.453288
0.413792
0.993333
3.052576
4.393823
0.526949
3.387914
3.273231
0.686391
2.977176
2.628607
2.246152
1.538454
0.932890
3.636977
5.547264
4.845482
1.255199
0.350882
1.152463
0.693042
1.714777
1.067759
0.084860
1.631962
0.407999
0.744995
0.330560
0.697383
1.095542
0.447523
0.350686
1.374094
1.293534
6.042028
1.310480
1.791636
3.317616
1.131683
3.508826
2.416874
0.833725
1.970338
1.102640
1.768123
1.771054
1.085173
1.713954
0.592466
1.291995
0.469099
1.110677
0.589590
1.408670
1.125719
2.520095
1.751455
1.936221
3.261383
3.412754
0.542654
0.267166
0.163224
1.940219
1.438150
0.143768
0.726457
0.745232
3.612646
1.909609
0.627150
2.129409
0.240036
3.844586
0.638202
1.940461
1.629312
1.676775
1.012786
2.524069
0.566473
1.342165
0.785283
0.969830
0.417600
2.020300
0.655181
2.246258
1.191321
0.502109
1.946297
1.673653
0.614563
2.042738
0.986659
2.208827
2.125012
1.673474
0.303241
1.895819
0.970283
0.764211
1.224310
1.069053
0.679431
1.891441
0.520319
2.866622
0.962615
1.406631
1.949659
1.403979
0.415923
0.195579
3.772733
0.657771
2.166204
0.563499
0.196830
0.730322
0.877781
2.084419
3.314783
1.359063
1.287365
0.838040
0.884370
0.792614
4.705670
1.029091
0.159554
0.932304
1.806439
1.277538
2.242420
3.519364
0.675725
3.992783
2.426387
1.558377
1.310902
1.397553
0.577461
1.638826
1.484898
0.483521
2.796002
0.962866
0.859638
3.118906
1.643478
1.720117
1.741687
1.432034
0.645434
0.601744
2.984031
1.408489
1.237670
2.811429
4.810845
1.291336
0.695230
1.748722
0.241423
0.252860
1.560115
0.767871
0.122838
1.122549
3.085125
1.345203
0.159459
0.387225
0.585052
1.548311
0.693286
0.327017
0.047625
1.440984
5.440489
1.650432
0.706351
1.712087
0.657749
1.186828
2.748352
0.455134
0.263127
0.958368
0.139998
0.214627
3.031216
0.729380
1.885771
3.713718
0.829972
0.882136
0.671378
0.857228
2.240620
0.489370
2.767157
2.361081
0.698827
0.318627
1.089192
1.234986
0.494612
1.094042
0.345989
0.476325
0.369257
0.879314
2.331811
0.849556
2.388640
1.780228
1.136970
2.768581
0.310577
1.176553
3.145299
4.463599
1.995128
1.594948
3.318724
0.293064
4.544096
0.527487
0.992145
2.134498
0.829489
0.741554
1.483143
1.408131
0.892703
0.216499
0.316329
1.230083
1.181041
0.508914
1.623507
1.421736
1.230917
1.133174
3.003869
0.846499
0.491768
0.925883
0.602027
0.637435
2.502810
0.425983
0.591297
1.460090
2.034744
0.443196
1.653998
1.945167
0.785809
0.252921
1.256922
1.530530
0.842388
0.401940
0.561558
1.716015
0.484479
0.709476
0.539062
1.571686
1.038307
2.348636
0.599617
3.178970
0.748788
0.395379
0.682377
1.063470
1.159877
1.109318
1.643830
0.822278
1.405106
2.551359
3.008786
0.844518
4.518413
1.373693
0.280104
0.742212
1.512072
1.410705
2.857847
3.361229
1.744708
0.315306
1.503033
2.410810
0.857044
2.138495
1.125506
2.003853
1.479426
1.672472
1.696706
2.732623
2.082756
3.096579
0.799164
0.668337
0.918012
3.753735
1.358123
3.339330
2.268753
1.123803
0.704157
2.157427
0.122652
0.824197
0.271791
1.551389
2.841838
3.582240
1.360741
1.400740
0.145268
0.505429
0.993308
0.894659
3.419816
2.569924
0.375785
1.306990
1.258332
2.077257
1.014090
0.750854
1.729733
1.845050
1.268062
0.215585
1.682099
0.302809
4.125338
1.148743
1.286479
0.639994
0.690278
1.320151
1.323947
0.803971
0.507004
1.056201
0.693847
1.852848
5.695498
0.730427
2.686611
0.978960
1.543015
2.270006
0.678195
1.873188
0.866732
2.031842
1.183811
1.976688
0.203223
0.507211
1.113576
1.353951
0.584433
0.411258
1.543866
0.518770
1.434080
0.473622
0.973682
2.411613
1.738985
3.276481
0.455591
2.467776
0.898224
0.967270
1.349787
0.884354
1.650323
1.037898
1.944467
0.735361
0.635299
4.453710
5.066569
1.372056
1.934405
1.154465
0.791988
2.079708
1.569968
2.011574
0.825699
2.377580
2.652628
3.400838
5.023320
1.097991
0.324385
0.945916
0.738914
2.037207
0.793565
1.015519
1.472382
1.645404
2.201787
0.474000
6.200237
1.097402
1.378476
1.928047
1.868063
2.150341
1.838366
1.820855
0.870387
1.086431
0.534337
1.600333
0.602274
2.240598
0.973995
1.278484
1.553097
0.696049
1.122603
1.514319
1.795996
1.306513
4.740851
4.142537
0.769295
0.758568
0.948254
2.798113
3.394643
0.523869
0.169705
3.333948
1.519345
1.444554
1.674295
0.844558
0.925876
0.931757
0.181758
1.820731
2.282862
0.590699
0.873819
0.111414
6.683877
1.914470
1.306386
1.545623
4.520138
5.015831
0.648222
1.720103
1.273380
0.613301
1.617116
2.283697
1.210731
0.142798
1.770305
1.059412
0.560259
1.859648
0.909674
2.217925
0.786842
0.140029
0.423870
1.677780
0.967751
0.483513
0.924036
0.574329
0.887167
1.823642
0.596853
0.882010
1.066549
1.942063
3.968182
1.019102
1.889418
0.572699
0.338318
0.671337
1.001474
1.906320
0.240418
2.901094
1.978405
1.943494
0.833881
3.285177
1.104140
1.729685
1.890117
1.982915
1.789596
2.483567
1.011541
0.328309
5.037197
2.093323
0.731602
0.860556
1.161234
1.159838
1.728653
2.989573
0.602848
1.606347
0.814365
3.271092
2.414096
0.985313
0.520404
0.651856
0.419879
0.613521
0.430698
2.623060
3.568119
1.094040
2.179726
0.982218
0.423460
1.245784
0.457725
2.319498
0.890198
1.326997
2.884363
0.863563
0.810578
0.511995
1.698286
2.148541
1.584033
0.883055
1.748481
2.462211
4.761724
5.590932
2.064276
2.314179
0.969444
3.290193
0.227622
1.234813
0.462615
0.518943
0.922433
0.336266
1.508062
0.489004
1.163542
1.908913
1.663447
1.512141
1.323640
0.068292
0.484690
1.066053
0.872509
1.124807
1.462687
0.082922
0.665759
0.637510
0.896137
3.179555
0.278220
0.861073
3.090079
2.367020
0.480033
0.786096
2.002226
0.565961
2.244060
2.828911
0.896953
0.515264
4.092507
3.828828
0.817164
1.087984
1.749462
4.147873
0.245613
0.635097
4.298667
0.582593
1.643837
0.817430
1.644195
0.675715
0.830288
2.846611
1.141954
1.701575
2.279544
1.283121
0.042632
1.875291
0.882626
0.483721
0.122205
0.361230
0.862307
2.316111
4.470801
1.756658
4.357876
3.563764
1.614317
0.765811
0.966411
0.842243
0.702997
1.069191
1.340493
0.648990
1.567116
0.584541
1.326899
0.747637
1.082407
2.607287
0.520192
2.977049
1.293041
4.202797
1.051341
1.297420
1.765946
2.085488
1.724558
1.813504
2.613858
0.100475
1.259264
2.458007
1.789061
1.197806
2.148330
0.865147
2.116843
0.519356
1.671190
0.185270
1.476685
0.601611
0.706223
0.636319
1.001551
2.229052
1.225141
2.466942
1.654869
1.684478
1.960395
0.553613
1.589769
0.513763
1.845004
0.835734
3.310769
0.967143
0.157724
2.182610
0.986607
1.312491
1.558346
0.349556
0.158756
1.008649
1.049333
2.223350
1.400213
0.336352
2.382160
0.517215
0.765170
0.333358
0.968199
1.762599
2.753825
2.812757
1.286314
1.304469
1.345176
0.717112
1.855546
0.553188
1.051781
1.045734
1.231300
0.899143
2.274227
1.283612
0.466457
0.589062
0.272299
2.064339
0.763629
0.328432
0.523064
1.839531
2.728207
1.941399
2.191784
1.802529
2.935968
0.320010
2.136415
0.755922
2.059601
1.655464
0.520956
0.763272
0.563252
1.855653
1.345484
2.941077
2.893207
4.204925
0.829531
0.987312
0.838313
0.431091
3.152518
1.136425
0.835617
4.304244
0.639873
1.507113
0.257482
0.977964
0.820675
3.265846
0.431591
0.385882
1.555985
0.150519
0.546971
1.001638
0.795226
3.470121
0.266733
1.147147
0.640596
0.673682
0.546971
2.103050
0.463193
0.306705
1.972426
1.123074
1.141793
0.289655
1.427910
0.957764
1.287741
2.956377
0.901586
2.000318
1.239277
1.010514
0.462251
2.348666
0.853535
0.712887
3.206218
3.720296
0.752003
0.375762
0.900646
1.434455
0.213171
1.016632
0.241464
0.714363
1.633254
0.640123
0.194850
2.171543
0.779911
2.111114
0.673630
2.039362
2.455351
2.348699
0.461112
0.916356
1.875059
1.202532
0.397876
0.636083
2.908390
0.682650
0.221976
0.639961
1.239138
3.908179
0.543016
2.166714
0.276528
1.297046
0.925234
0.369008
3.414911
1.023185
0.907612
1.441651
1.590264
0.973474
0.932730
3.293065
0.510059
1.513288
1.754031
6.059281
1.058067
2.361172
0.906649
0.475205
0.813011
1.141080
0.925822
0.599896
1.841047
1.009951
1.059631
0.617973
0.925563
1.497097
6.348306
1.050500
0.448362
0.917937
1.272049
0.296615
2.104725
2.730357
1.637084
1.011509
0.715212
0.138039
0.858513
1.045788
1.562566
0.134425
1.035574
0.255909
2.457871
2.105963
0.580726
0.480931
0.662091
1.375969
0.894049
3.531681
3.975414
2.128999
0.500030
0.848773
0.955637
0.492690
2.010369
1.250585
1.257478
0.729345
1.420536
0.759685
0.472827
0.640996
1.769260
1.007331
0.674292
0.153110
2.381066
2.662409
0.210315
0.672423
3.151921
2.715793
0.110801
0.403721
0.143357
0.684102
1.703169
0.931166
0.568074
1.583934
0.475828
0.880361
3.877254
1.282212
1.213500
1.845577
0.195153
0.081434
4.466906
1.508969
0.771978
0.423322
2.423162
4.480666
1.282160
0.310252
6.737653
0.886724
3.432930
0.202506
1.448600
2.569726
3.029715
1.479535
3.982911
3.244098
2.495294
1.584778
0.774589
0.189076
0.720747
1.075239
0.942099
0.638711
3.808150
2.670251
3.362222
5.075751
2.718783
3.067051
1.473273
0.514527
0.183720
1.054768
0.467078
1.354012
1.218070
0.462004
2.929474
1.071593
0.532570
1.183576
0.763463
0.322944
0.326923
0.689522
8.746130
3.193416
2.783888
0.773948
3.662048
0.477229
1.904255
0.837311
0.930554
1.742288
0.568349
0.790866
1.699893
0.282042
0.608463
0.717445
0.637438
0.665006
1.764871
0.919272
2.177518
0.557815
1.223886
1.748439
1.533927
1.702685
0.518280
2.972311
1.988646
0.675841
0.486582
1.987301
0.512842
0.185482
0.207043
0.403567
0.537082
2.050830
1.070585
1.326193
1.088004
1.547923
2.471555
0.397741
1.741689
0.241379
0.936859
2.995002
0.757079
0.272054
0.720876
0.302459
0.672193
2.063784
2.011496
2.583417
1.068550
3.123221
2.031508
0.543822
0.500915
3.004819
3.206140
0.826307
3.364254
3.796163
1.058613
0.390936
1.867597
2.610402
1.622667
0.499536
1.176219
1.186059
0.717728
0.507712
1.298032
1.585056
0.283497
2.304553
1.771813
0.843762
2.768919
3.311178
0.349437
1.574881
2.161991
1.271871
1.334405
1.322266
1.789864
1.804480
1.091632
1.532115
0.126804
0.944253
1.406765
1.090149
1.175768
0.763264
0.791579
0.430281
1.087743
2.134169
1.503416
1.818852
3.422857
0.453945
0.862609
6.425387
3.552098
0.163983
0.837164
2.371128
3.701957
1.019342
1.112887
1.944360
3.284633
5.723044
0.737758
1.549577
1.780958
1.862815
0.663028
1.832635
0.349462
2.275520
0.482041
1.393095
0.356849
1.100668
1.766356
1.301171
0.638444
0.777386
0.656256
0.507703
1.055686
1.394526
0.500937
0.934382
1.457175
1.172881
0.573778
1.326707
2.829143
1.613794
0.741233
2.312942
1.593480
1.343742
1.071397
0.846815
0.713039
1.697345
0.196781
0.889180
1.162280
0.548415
3.100503
1.385908
1.559007
1.487833
0.361491
2.524588
2.884107
0.841303
0.071289
0.826830
2.863974
0.510825
1.758696
1.174747
1.599555
2.746100
0.141173
1.282386
1.269881
0.776045
0.862666
0.494124
2.468009
2.082580
1.176362
0.374611
1.074187
1.252804
1.098851
3.031109
1.770252
0.909059
1.152717
0.817682
3.801283
1.380146
0.507085
2.530706
2.815024
0.516942
0.518336
2.113429
0.839974
2.541807
0.694298
3.895976
1.905039
0.728982
1.184917
0.676482
1.377705
2.336403
0.987368
0.994351
1.440077
2.715204
1.214880
0.134467
0.962960
3.476372
3.219335
0.308943
0.784670
0.979060
0.963792
0.696061
3.675839
1.329548
0.376859
2.443095
1.825749
0.717551
1.509240
0.178405
0.405100
2.602370
4.992182
2.453826
0.436713
1.153313
0.325346
1.756373
0.762079
1.158873
0.335954
2.673339
0.880691
1.422704
2.804155
1.907096
1.264814
2.270743
2.225661
2.306744
0.580594
0.548589
0.286892
0.477117
1.883862
0.512475
4.492250
1.050611
1.050902
1.446027
1.110150
1.311974
1.092556
1.079750
0.935943
1.398219
3.016350
1.103314
0.696005
0.570175
3.164921
0.860222
0.268852
0.713473
3.064655
3.459972
4.902211
1.052997
1.977434
2.151292
0.662519
3.430325
3.880598
0.787195
0.333108
1.734770
1.128635
0.275525
0.382690
2.787816
1.617120
1.355062
1.032568
0.342733
5.008891
2.166736
1.644761
2.882325
0.654230
2.996608
0.332415
0.485444
0.664006
0.459151
1.018313
0.477763
0.316695
0.986447
1.401613
2.336403
0.540046
2.263846
2.020023
0.454228
0.379669
2.435481
2.311062
1.372986
2.876894
3.108140
1.084533
1.309595
1.141491
2.569977
1.540018
1.111113
1.599486
0.729878
0.877182
2.678282
0.533497
1.046730
0.131826
1.014661
1.370772
1.051612
1.355009
1.579562
2.339689
0.422757
1.102857
5.367581
3.221046
0.589993
0.433990
0.158828
0.194272
3.417414
1.431108
3.220536
2.537408
0.140668
1.121893
0.816528
2.699180
0.312255
2.060230
1.244459
0.875496
0.385888
0.945944
1.255282
1.285889
0.978249
3.168119
0.333049
2.317849
1.152928
1.851215
1.576406
1.453428
0.504357
1.548315
1.249519
0.906973
1.984319
1.303119
0.972462
1.738845
0.401832
0.810488
1.295800
0.440019
2.068200
2.476232
6.412680
2.451450
1.490823
1.236485
0.542631
1.822330
2.762248
1.763870
0.645957
0.727367
1.501990
0.806922
0.332047
0.313613
0.140729
1.845788
1.672085
0.540070
0.852589
0.528373
1.301119
0.315145
1.807916
3.152658
2.020943
2.293748
0.642649
0.753308
3.411763
5.106936
0.423049
3.361601
2.377330
1.884743
1.078299
7.126996
1.049076
0.819884
1.758230
1.636536
1.434158
0.771742
3.788330
1.673448
0.919811
4.278987
0.935365
0.157633
0.482723
1.805522
0.571949
1.727960
2.105759
2.858960
1.468872
1.286466
1.801113
2.344401
2.269016
1.585144
2.276858
3.235407
1.390295
1.573460
1.616291
8.061082
1.568584
0.292586
0.818604
0.817189
1.860163
2.896256
1.492593
1.700572
1.360086
3.970850
1.611489
3.220336
4.818603
2.182856
1.548222
0.539047
1.142039
0.982218
0.287056
0.270439
3.137455
2.050871
2.727717
1.883329
0.982596
1.736845
1.615147
3.792987
0.807978
0.761268
3.778757
3.392923
0.892132
0.727657
0.684427
0.284445
0.510491
2.527032
1.924755
1.858239
2.298330
0.937456
1.591242
2.212608
0.505381
0.701339
4.089256
1.551106
1.626331
0.186834
1.730720
1.380887
2.188235
1.354908
0.752076
0.551684
0.652042
3.214392
0.458481
1.318856
0.603420
0.356829
1.158260
1.362808
0.910698
1.872629
1.533238
1.269875
1.387050
0.883919
0.652280
0.941432
1.866158
2.650201
0.521543
2.714357
0.420432
0.451345
1.210692
2.068332
0.512861
0.531324
0.841424
3.662420
1.889280
1.498722
0.445228
3.675200
1.287761
0.721869
1.195888
1.925303
0.904692
3.832267
0.759695
1.855619
1.717986
2.950815
0.650896
0.665387
0.678189
1.130415
1.513369
3.829361
0.838427
2.115054
2.412954
1.088621
3.024893
0.837519
0.599202
0.297480
1.207840
1.294003
0.133089
0.617226
0.446962
0.478546
0.515134
1.654733
1.020344
1.636802
0.966424
2.069401
1.506616
1.696904
1.168973
0.751521
1.393569
1.826797
1.265242
2.290115
0.516042
0.432798
2.075530
1.191371
2.936528
1.471898
3.259786
2.258713
3.141373
0.442499
2.684572
1.016111
1.656141
2.814169
1.545841
2.169577
0.184287
2.153068
1.086054
1.082653
1.066143
2.375450
0.594285
0.209460
1.203447
1.726697
0.823554
0.267255
0.958131
2.420508
2.642823
1.333735
3.751006
1.570968
0.179991
2.552402
0.635476
3.713573
1.648206
0.461433
0.331650
1.277892
1.336876
1.944531
1.009679
0.516699
1.274334
1.071680
3.562234
3.847689
2.696914
0.945504
2.149492
0.308489
1.021792
0.733718
1.994507
1.905117
0.844736
0.439093
1.365581
0.568475
1.702458
1.247964
2.333738
1.796912
0.913212
0.212755
1.633680
0.109447
0.538454
1.916325
1.304852
1.875780
1.137860
3.412987
2.780534
4.634182
0.932156
2.382527
3.465516
0.667767
0.588414
1.883312
0.809171
1.511524
5.221771
0.264823
0.858558
0.822826
0.552975
2.841406
1.234061
2.544668
0.990093
0.830037
1.340427
2.025200
0.905449
0.578040
2.073073
1.297289
3.199303
0.784099
0.683436
0.962066
0.654245
0.436217
0.921427
1.484586
3.653432
0.795330
2.453857
0.482925
0.152005
0.475572
2.028401
0.100367
0.587460
0.347694
0.841376
0.953602
4.297042
2.396142
0.647029
0.932852
0.477642
2.108930
0.428379
1.225538
4.028608
2.831611
0.179998
2.824114
0.554141
0.737735
0.726356
1.025894
0.995021
1.575686
0.103723
0.887518
3.334266
2.517430
1.210729
3.673596
5.148166
0.687237
3.876760
0.563921
0.861135
0.758479
1.389171
0.806116
0.400202
2.199313
1.720878
0.699133
1.386375
2.225282
2.018729
1.295062
1.745079
2.142875
1.026975
2.638931
0.257134
1.736143
0.740745
1.108136
0.809045
0.760220
2.221107
0.668541
0.444251
0.768531
0.567569
0.418799
1.313828
0.482629
0.799234
2.683061
1.064574
2.671130
0.540266
1.322240
1.663569
2.539532
2.201467
0.632073
1.622051
1.335046
1.996189
0.844686
0.838227
0.508328
0.567376
0.944536
2.466555
1.136818
2.372255
0.479651
1.987691
1.539270
0.964319
2.726697
3.017806
1.407605
5.345925
1.086946
1.875748
0.780046
0.808030
0.481832
0.510376
1.183704
1.755265
2.340765
0.854095
1.168889
0.211239
4.331389
0.144369
2.161774
0.791694
0.875216
3.522371
1.195906
1.862887
2.143526
3.633768
1.316722
3.256326
1.785188
0.495676
0.808185
1.395726
0.273701
2.762518
1.370414
1.219701
1.474830
2.549494
2.268579
1.971580
0.103371
0.763706
1.055482
2.397624
1.533732
2.971690
2.642200
1.458582
3.176288
1.627284
2.853888
0.709982
1.454472
0.947046
4.263899
0.930386
0.839178
1.247052
0.775673
0.131409
1.675518
1.485463
1.436989
1.879436
1.171373
0.463756
0.622089
0.309624
5.077130
0.145430
2.312726
6.573455
0.800616
0.666919
2.380864
3.180827
0.462419
1.762674
1.246344
0.268200
0.858364
0.991593
0.821299
3.190985
2.101217
0.764904
0.765625
0.363534
2.215420
1.426441
0.398570
1.120946
0.543525
1.773186
0.536241
1.647464
2.400945
0.972696
1.898687
2.327941
1.011962
1.313948
2.312187
1.844052
2.107108
1.594925
1.570305
3.062929
0.837246
0.457679
4.008959
1.652455
1.303336
0.748766
1.414489
0.795227
1.389236
2.615991
0.987546
0.910652
1.080829
1.232363
2.311542
1.525598
0.574688
4.816672
0.721787
0.144159
0.938635
5.049468
2.435363
2.126960
1.281750
1.622808
1.190877
0.780431
0.752388
0.406952
0.597276
1.493272
0.686436
0.523800
0.702614
2.133481
1.097678
2.405546
0.327638
0.091409
1.764745
1.161207
0.926563
0.432682
4.322663
0.544990
1.949966
0.520636
0.511671
0.001258
0.557716
1.304750
5.049592
0.131943
0.807405
1.250181
1.671942
2.203604
2.262674
3.476476
3.002622
0.072645
1.328249
0.489449
0.533943
2.222416
3.291288
1.534043
1.556590
0.073515
1.556787
0.812892
1.172923
5.091423
1.072970
1.112264
0.519696
0.528791
1.534117
0.843507
0.528795
2.237575
2.591266
0.502222
2.320695
0.516369
1.690068
1.163415
3.761536
1.151690
1.026633
2.601655
1.163081
3.721816
0.087333
1.621313
1.998314
3.393800
0.711088
0.937202
3.474246
2.797453
1.739467
1.035220
2.695385
0.408782
2.670259
0.203130
0.755722
1.183935
0.913096
1.110950
0.752194
0.621477
1.506544
0.363134
0.951702
0.734809
1.394299
0.856307
1.961701
4.476673
0.568712
0.615304
3.328511
0.582919
2.585376
1.729936
0.445190
0.411752
0.243901
0.302363
6.141308
1.912736
1.189552
2.661768
2.476861
0.896031
2.959711
0.425921
2.430638
0.708118
1.406979
0.405822
1.160960
0.543892
0.600854
2.540834
1.103948
2.097235
0.551178
0.563033
1.996713
0.932338
0.993416
1.728650
1.387122
0.696056
0.902383
1.782651
0.927496
1.001241
2.053960
0.918519
0.439781
0.680963
0.645701
4.055713
1.473213
0.436952
0.346960
1.057375
0.964188
1.660892
1.320280
2.582285
2.432907
1.972751
1.823396
0.751120
1.253934
2.805181
1.143814
0.708262
0.693847
2.628321
3.394686
2.320281
0.408065
0.767944
1.240220
1.174779
1.766956
0.723266
2.474665
2.325572
1.249725
0.294308
2.145874
0.387302
0.573146
2.665390
1.299583
1.414870
1.281533
0.297571
1.061121
0.903792
2.288445
0.448778
1.587567
0.830163
0.123109
0.373742
1.421855
0.720688
3.854036
1.251530
0.324841
0.308152
2.232754
1.439208
1.348025
1.190972
2.530138
0.972410
0.790665
0.907991
1.114943
0.328416
1.131924
1.615664
3.562340
5.127272
0.623230
1.147507
0.265619
1.617994
2.358944
2.636109
2.115906
1.117588
0.552053
2.180997
1.353546
2.034714
0.254999
1.247730
0.723861
0.441916
1.429519
0.287377
1.847485
0.439415
1.345269
1.370721
1.259907
2.519767
3.108280
4.030548
3.249054
0.940906
1.509398
2.682902
0.916156
2.370582
0.862271
1.031983
1.144508
0.497749
0.745600
0.669308
1.508842
1.125189
0.172028
0.503871
0.616646
0.321622
1.689355
1.173711
0.599311
0.679727
1.326336
3.110283
0.936636
0.348225
1.155684
2.806744
3.363817
0.962669
2.534131
2.592078
2.026803
1.121154
1.902311
0.411459
0.745758
0.274632
1.297286
1.971469
0.615815
2.271551
4.549646
2.347922
0.714177
0.064894
4.362354
1.162420
0.331444
1.607814
3.666517
0.758873
2.806080
1.201806
0.583934
0.698152
1.421537
1.690206
0.458702
1.246279
0.244808
4.762231
0.923442
2.253660
1.082793
0.350096
3.133679
1.862969
0.479140
1.095176
1.121493
0.908667
0.687651
1.074191
0.540483
1.246799
1.082987
0.487769
4.605551
1.269648
2.188935
3.329066
2.247713
1.710910
1.041530
6.097471
3.247288
5.855598
1.675362
0.278532
1.232378
1.840533
0.229583
2.662037
1.249155
1.179070
3.728298
1.052049
0.578875
0.374168
2.671063
1.633689
1.119699
0.411230
0.335448
1.572759
1.552672
1.273680
2.133121
1.494319
0.209579
1.394532
1.304986
2.454884
0.666803
3.674186
2.426637
0.512041
3.564588
1.208059
0.632437
1.102154
0.591660
0.716680
0.816271
1.842197
1.972906
0.720731
0.450809
3.399982
0.918831
6.966941
1.439383
2.330628
0.407005
1.684240
1.095558
1.939997
0.556114
0.633446
0.864209
0.628469
2.175379
2.667582
0.262595
0.162902
2.335753
2.821171
0.558610
2.054306
0.950211
1.007082
0.605072
1.421729
1.688742
1.270393
0.760857
1.013551
2.152676
1.034476
0.875364
0.473720
1.030368
3.227805
3.837144
1.290433
1.449085
1.001858
0.710443
2.088106
1.550220
1.471209
4.904022
1.014703
1.132604
0.218606
1.064136
0.743799
3.237666
1.525163
0.208346
0.791878
0.130823
0.676057
2.738502
1.739655
2.048730
0.508018
0.345948
1.327366
1.417679
1.056986
1.748913
5.092719
0.891468
1.608475
1.260021
3.388040
0.223556
2.108052
1.815969
1.675955
0.927249
1.762869
0.299940
2.387213
1.906505
1.218662
0.380077
1.634402
0.399156
0.458704
3.619591
0.432657
0.951514
2.371187
2.264460
0.459292
4.632374
2.858200
1.725652
1.365841
0.822405
0.911977
1.333961
1.681160
6.732998
0.269179
1.478257
0.216041
2.404291
0.787477
1.806483
0.578094
4.784942
2.079614
0.141557
1.842459
0.716764
0.419517
0.908298
0.937455
0.698643
0.800102
1.212267
1.577181
0.436850
0.786390
2.077385
0.393667
0.562411
1.090351
1.675685
1.226367
2.241454
0.599270
0.514331
2.228994
0.710954
2.043383
2.444967
0.348060
0.266274
1.308507
0.751517
0.216864
0.789902
0.786552
1.994071
1.379757
1.031166
0.385691
3.336838
1.695711
1.013207
1.052331
0.785947
1.304443
1.887886
0.284875
1.599687
3.024322
1.233304
0.788506
1.010663
0.795293
1.229769
1.396217
0.373679
2.052472
0.841774
3.353288
2.523418
0.955034
1.142789
0.436730
1.036635
2.063418
1.048259
0.516517
0.838342
2.455751
0.723452
0.697756
1.233962
1.709558
1.726864
2.241822
0.596461
0.992497
2.623848
2.474546
0.796005
0.921355
0.460602
1.833272
1.684457
1.600054
0.737163
2.056502
0.993702
1.477937
1.782425
0.678552
4.347517
0.501848
0.932828
0.981141
3.170488
2.195105
1.362501
0.673015
1.564778
2.351727
1.209314
0.442713
1.202794
0.527808
3.287745
1.780576
1.391012
2.181178
1.302022
2.664087
0.488528
1.694111
1.409981
2.317668
0.799983
2.504915
1.415251
1.811458
1.086678
0.723348
3.535767
1.029943
1.046082
0.814678
2.270735
0.872005
0.380584
0.911486
1.429664
1.909594
0.544618
0.309277
2.575913
1.692804
0.671049
2.148729
0.910411
2.265529
1.399068
2.845689
1.702480
1.874314
1.362300
0.673262
1.300294
2.597753
0.340704
0.386077
1.370467
1.283141
0.932327
1.225799
3.424098
2.188900
2.300373
1.968146
0.440776
3.075495
0.374984
1.832561
1.595333
0.741439
2.129594
1.201790
3.490852
0.132111
0.732008
0.787718
2.351030
2.461676
0.560977
1.197510
1.362012
1.958540
1.916248
0.338953
1.474004
2.306508
0.562787
0.491908
0.860928
1.360920
1.641298
0.731363
0.877731
1.133184
0.100766
1.153372
0.936093
0.396102
0.539874
0.072844
0.960584
3.684286
1.213566
0.836176
4.057545
2.069493
1.543070
2.167874
1.490237
2.262048
0.736236
0.497133
1.328324
7.479181
0.665336
0.457463
2.300231
1.047242
0.764735
0.474574
4.345169
3.422604
1.026582
0.825055
0.991219
1.046655
2.166885
2.076397
1.297020
3.854688
2.099121
3.067873
3.060735
0.720978
0.653526
2.733203
0.180782
2.539607
1.668407
1.570878
1.644268
3.334244
2.151615
0.575233
3.317947
0.139837
0.846447
1.961280
1.084959
1.524216
2.792383
1.028139
1.347228
0.779497
1.919650
3.545862
1.864739
1.257764
1.841927
0.677464
1.157746
1.175621
0.492579
0.955767
1.975738
0.961402
0.699196
2.096177
0.652952
3.094770
0.993912
2.789860
2.492720
0.547341
0.313074
2.101129
0.582058
0.997406
1.249227
1.587924
0.106571
0.979419
0.240350
1.374020
1.751354
2.117603
1.230418
0.994832
0.765426
0.611203
1.607343
2.038058
1.765672
2.199703
0.458448
1.064222
0.535878
0.975776
0.589324
1.005237
0.792922
1.475706
0.759085
0.471232
2.112267
0.906264
3.095307
4.108629
2.025497
1.044961
1.491208
2.070981
2.303971
1.628684
0.837337
1.211817
1.044229
2.375273
2.876004
1.834188
0.196391
1.301455
1.139531
1.883146
0.834799
1.483212
0.485544
1.209924
4.952995
0.887748
2.914751
0.764581
3.512895
0.546836
1.059426
1.864131
1.308590
0.871580
1.745595
0.765578
2.048081
0.756933
0.252875
1.403517
3.305250
0.940493
0.286905
0.891222
0.581112
3.731626
0.264318
0.645173
1.186094
1.267992
3.578568
2.263557
0.412085
0.363535
0.784076
0.380104
1.086691
0.572204
0.970233
0.959105
0.931496
2.316604
0.367012
2.968575
0.491761
2.126690
0.564448
3.072870
0.274451
0.665070
1.176773
4.928043
1.511608
1.329236
0.861530
2.257777
1.211997
0.974041
0.182416
4.409080
3.009825
4.289040
2.140647
0.143598
0.296004
0.317531
0.420587
1.239519
0.720886
1.236488
2.827466
1.582050
0.825928
4.577581
1.304602
1.149875
2.033167
1.876027
0.950866
2.318840
3.739649
2.585665
2.240313
1.381167
0.991640
0.451409
0.921183
2.862800
1.275456
0.979817
2.658949
1.051434
0.922343
1.620505
1.091160
1.063157
1.877827
1.377010
3.383975
4.673432
0.287779
2.350831
1.526280
0.955247
2.238058
0.476304
2.519659
1.362080
2.627167
0.637089
0.929342
2.323323
0.324989
0.520650
0.946179
1.163179
0.786786
1.953797
0.919860
2.336967
0.440129
0.646255
0.671800
1.203191
2.699944
1.742379
3.175766
1.454901
0.672068
2.561253
1.403854
0.797494
1.706847
0.555377
1.742783
1.152559
0.844548
1.292114
0.158314
0.564041
2.001846
0.974574
8.379458
2.389560
1.359641
0.945213
0.788883
2.544280
0.403938
1.671641
1.690646
0.667545
2.835047
3.017332
1.914393
2.036754
1.447504
1.625450
0.882627
2.385867
1.219851
3.110155
0.439423
0.524704
0.367079
2.286132
1.593212
1.043420
0.860717
1.661102
1.505487
0.335334
0.235130
1.504158
3.035767
1.479363
4.540606
0.600793
1.100825
0.354798
2.647860
0.404383
0.847061
2.007625
0.131398
0.262458
1.241371
1.490284
1.806012
2.545558
1.054430
0.582698
2.063406
1.356038
0.919841
2.596538
0.912244
6.341327
0.745344
1.779949
1.649710
2.794959
2.110441
1.799532
1.195580
1.735799
0.779179
1.145987
2.803813
1.960908
1.365003
1.992653
2.543357
2.789512
1.216744
2.653404
3.396819
0.030159
1.143764
1.586335
2.551680
2.861244
2.404667
1.525445
1.088449
0.571012
1.154107
2.237668
0.563841
1.988059
1.201880
2.472930
1.567406
0.716025
1.314758
0.409266
3.490969
2.407038
1.428351
2.374263
1.396449
0.452586
1.402161
1.033988
0.122943
0.291038
0.752021
3.627566
0.293371
1.983207
1.433951
3.134133
1.586398
1.017423
1.294659
0.313643
1.481057
6.176661
2.702764
2.160049
1.970631
0.915399
1.551629
0.930958
1.551364
0.502752
1.179914
1.382286
4.829557
0.275194
0.965660
1.354312
0.573290
3.715621
4.055541
0.600400
0.133758
0.683252
0.492643
0.333248
5.176771
1.932541
6.018746
1.552243
0.466643
1.282491
1.789377
1.951118
1.272169
1.390925
1.273527
0.710678
3.247998
0.468080
1.565743
1.339852
0.785102
0.393016
0.393463
0.753096
0.518083
1.202313
2.421575
0.903558
1.091358
2.227197
1.373402
1.126813
0.226314
1.845139
1.320302
0.189355
1.089443
1.307938
1.644464
1.432090
0.266079
0.884874
0.824589
1.413631
3.067346
2.444587
2.428417
2.437537
4.325744
1.127545
0.953399
0.732334
1.387157
1.188581
1.352081
1.912166
4.291185
0.957930
0.332925
1.031273
0.543515
1.602684
2.706464
0.626702
0.888895
1.018447
0.686322
2.182277
3.499233
2.945867
0.929994
6.000479
0.678132
1.747532
1.400249
0.493183
1.266885
0.999043
4.853142
1.203190
2.595439
0.920775
2.050678
1.042503
2.520701
0.811207
0.480320
2.350645
1.770969
0.644439
0.658118
2.655659
2.648552
0.387972
0.335556
0.613550
1.256012
0.849986
6.660967
1.115688
0.644098
0.924645
1.104488
1.152320
0.241239
0.129533
1.547030
1.384663
1.030984
1.501401
0.257562
0.733634
4.070787
2.307116
1.773719
2.312750
0.424375
2.450093
1.579432
2.292704
0.282427
2.643116
1.715625
3.251124
4.071541
2.027046
0.456510
1.174968
0.336759
0.450990
3.330343
0.808104
1.217778
0.951443
2.124221
1.331867
0.982764
0.989738
0.388433
2.277443
7.423188
0.500731
0.321662
4.035798
4.065366
2.076830
2.131638
0.346059
1.489655
1.016189
2.907778
1.674997
0.732892
1.396814
1.446171
0.665242
0.834666
1.882832
1.863351
1.005397
2.554681
1.620380
1.846535
0.888048
0.153536
1.191077
2.854078
1.026408
2.776446
5.483624
0.627474
2.766268
0.483281
0.779084
2.503753
0.409385
0.275320
1.548117
0.589607
1.666428
0.179518
0.361935
0.830562
0.787137
1.669036
2.999132
1.309376
4.550230
1.553306
0.686517
0.960518
1.162237
2.873327
0.357616
2.351669
3.082699
1.419895
1.836851
0.838506
1.120951
1.806280
1.325993
0.859464
2.518485
2.433901
0.543111
3.857069
2.873819
2.224959
0.503765
1.348307
2.374504
0.690815
2.670774
0.423960
3.049522
2.095963
1.648512
2.839108
0.981354
2.959585
0.728221
2.645784
2.192452
0.911971
1.746973
1.810492
3.377270
0.976353
0.159870
0.973536
0.349448
1.382995
1.886117
3.368589
0.987106
2.922479
2.876371
0.760822
1.778814
0.244694
2.431157
1.260535
0.785285
1.805548
1.587044
0.599713
1.151114
0.763447
0.356420
2.610001
0.560490
0.910926
1.893099
4.308760
1.869391
1.007916
1.716457
1.635417
2.205627
1.792745
0.208549
2.771311
0.705106
2.032357
2.308523
1.639599
1.642373
1.817651
3.384061
0.877447
2.004412
2.077470
2.582964
0.237294
1.141842
1.197751
0.689251
3.347818
2.111195
0.870673
2.192824
3.818918
1.795087
1.254041
3.332383
1.024074
3.124060
1.497758
0.278118
1.833157
0.788349
0.367038
1.446185
1.362342
2.546975
0.991416
0.598825
1.227722
0.373490
0.460790
2.490605
2.521764
2.985396
1.796484
2.875823
0.926643
0.558519
0.465442
0.785139
3.796682
1.171965
0.344980
3.103041
0.535273
1.478036
2.496579
1.440660
1.251847
1.099413
1.614028
0.624202
1.977240
1.950633
2.248862
0.784813
1.448505
0.584023
1.224816
0.345283
0.778970
1.593971
3.283304
0.465737
1.318582
1.554791
0.186917
2.985209
2.276713
0.526507
0.587460
2.058051
1.621967
0.758229
1.717155
2.335236
2.767848
1.264916
0.997280
0.975618
3.900526
0.222445
1.500686
1.820048
2.126078
1.009229
6.871321
0.918313
1.488527
1.219828
1.102617
2.893906
0.450730
0.942703
0.193576
1.700601
5.945841
0.281076
1.405567
2.248686
0.648306
2.085977
1.382207
2.711869
0.251791
0.661256
1.766575
3.304275
2.006691
0.346338
0.826009
1.845872
0.437282
3.196223
1.025490
2.980997
0.841526
1.020987
0.717273
3.240379
3.032393
1.842604
2.334022
0.215472
0.334684
2.526772
1.833174
0.321715
3.039720
0.744070
2.745904
0.456206
0.230840
1.081273
0.079025
0.361513
1.709272
1.787113
0.152212
1.044273
2.141480
0.866706
0.445256
3.014911
0.704855
1.328712
2.277292
1.432486
3.671823
0.300732
1.234696
2.590876
2.126624
0.830670
2.902908
2.597633
0.521057
1.487124
3.368759
0.311190
2.735490
2.291863
0.604306
3.160310
0.682679
0.615940
0.099747
3.142700
3.018386
0.186500
0.865660
1.752858
0.926644
1.144561
1.455279
1.550782
0.074249
0.986266
0.593532
3.780713
1.135365
1.823536
2.306017
0.665874
0.158679
1.826273
0.363809
0.565285
0.799401
0.173351
0.709087
0.546830
2.440733
1.142363
0.367077
0.327903
1.724152
0.387982
5.757028
1.433105
0.452261
0.852735
0.719652
1.221489
2.216094
2.557604
0.421148
2.242760
0.681537
0.830943
2.026806
1.829691
0.159214
1.391543
3.511531
0.232979
0.729893
0.204481
0.652417
1.409966
0.279698
1.198305
2.004653
2.899433
3.702595
2.503739
4.229060
1.567720
3.608354
4.030051
0.605348
0.329744
0.781283
1.155751
1.423339
0.351373
0.834993
1.791436
2.841455
1.392145
0.120357
1.611221
0.732190
0.205552
0.602956
0.614375
0.326805
1.164883
0.682946
0.808339
0.237547
0.802408
2.222069
2.214134
0.587424
1.994127
1.598760
0.528319
0.942886
1.442302
0.454078
1.430762
1.680079
1.060093
0.248457
0.669606
1.264415
0.934877
3.372754
1.004496
3.387919
3.587763
0.230059
0.599039
4.598497
0.687689
1.030775
0.274665
1.889969
1.669190
0.926821
2.078314
3.984020
0.510875
1.376505
0.511819
3.036408
0.583442
0.852156
0.751206
2.139829
1.138767
2.606981
1.089777
2.864915
3.036784
1.736459
1.009994
0.743625
1.522681
2.279927
0.610551
1.371095
2.537448
1.026641
1.319101
0.369395
2.393344
1.473980
2.336755
1.190661
3.888514
1.437670
1.105528
0.424151
0.469211
1.512932
0.175029
0.865941
3.439993
0.803116
0.412252
0.998778
0.516456
1.365496
0.769849
0.304812
0.659908
1.784760
0.883649
2.514329
1.224028
1.361306
1.004106
0.888273
4.035195
3.461560
1.092845
2.199846
1.308687
0.709019
0.743244
1.209011
2.478992
1.897280
1.523496
4.581462
0.855473
1.601295
0.824361
0.728018
3.528549
1.065047
1.694755
0.391326
4.827377
3.776444
0.539599
0.627922
1.632166
1.272355
0.286746
0.480551
0.310396
1.142271
1.208924
0.210895
1.004909
3.393617
2.400002
3.402095
0.576346
0.384334
1.058886
0.194567
2.385364
0.217533
0.110192
0.500158
1.725705
0.846524
1.049432
1.541709
2.034286
0.353715
1.897689
1.966126
0.233837
2.934878
3.829696
1.778306
1.032753
0.149106
2.459002
1.194258
1.186965
0.851014
1.282073
2.823020
0.717760
0.893162
2.354788
1.120670
1.112689
0.684740
1.193184
0.743271
0.761280
1.219137
1.066227
3.892380
2.374230
2.566268
1.426554
1.428342
3.508579
0.793540
0.829206
4.855742
0.585879
0.742564
1.724253
1.522580
0.781115
1.255828
0.373632
2.131203
2.481807
1.546146
1.677995
0.384990
4.130818
1.181639
1.369854
1.041700
1.912339
0.228587
1.789583
0.107417
1.322573
0.433582
4.191976
0.917520
4.418183
1.346530
3.468388
3.161258
2.532752
0.705722
2.985718
0.235480
1.304460
1.424719
1.658173
2.388300
0.352325
2.020982
1.494318
3.305477
0.940925
0.719016
0.190511
0.874679
1.982384
1.451416
2.048166
1.156627
1.572900
1.116890
1.180843
0.523794
1.423572
1.111644
1.294020
1.359437
6.728097
1.146505
1.155563
2.516517
1.894215
0.939157
2.862929
0.698616
3.629751
1.338702
0.326486
0.209864
0.787170
1.737839
4.003185
1.702181
3.526898
5.792431
0.097029
1.760190
1.434534
2.086856
0.501244
0.609834
0.632614
1.595862
0.947058
2.227772
0.346729
2.985518
0.892251
0.340931
0.930903
2.346805
3.312787
0.353704
0.569939
2.345362
0.877961
0.460954
0.920304
1.042311
0.536159
1.669556
0.375998
0.460213
0.849204
0.224047
0.447066
0.866710
1.910342
1.850034
0.387629
2.792910
3.181834
0.840154
1.269247
0.780142
0.423299
1.497760
0.582495
1.151240
1.762453
1.384737
0.763913
1.532621
1.643210
1.166432
1.071381
5.539639
1.520145
2.217972
1.025205
2.160213
1.117938
1.250925
3.182334
2.149299
1.352652
0.249343
0.417454
0.744382
2.049368
0.632524
0.504276
1.732760
1.334536
1.719414
4.228352
1.679587
0.746214
0.523245
0.445818
3.972925
1.918464
1.032770
1.426630
0.955231
2.860309
0.103583
0.938720
1.226104
2.269018
2.156632
0.757089
0.706866
0.776156
0.594145
0.214643
2.490680
0.691900
0.497835
0.418083
0.095750
0.944580
0.740411
1.761731
3.151669
3.624283
1.663861
1.428573
0.640866
2.377484
1.839726
0.565589
1.355768
0.430180
2.072146
3.327207
0.110806
2.116985
0.793918
1.252845
1.427044
0.337832
2.207617
2.447296
0.944769
5.630639
2.713175
0.622544
0.677579
0.174103
0.857486
0.694255
0.998859
1.504629
3.434497
0.824461
1.359870
1.471706
2.904475
2.129714
1.037024
1.492617
3.980321
4.114419
1.899815
1.914952
2.940345
1.943846
1.229687
0.587370
0.681998
0.328241
0.752240
0.212317
3.109287
1.651073
0.188211
2.168975
2.682369
0.736472
2.302622
0.591551
1.282426
0.611056
2.272543
1.131087
1.287832
0.910095
0.259888
1.039544
0.454532
1.154748
0.147357
0.371766
1.081114
1.975951
2.379703
0.862027
1.171293
0.842410
1.304663
1.889585
1.006141
2.305755
2.041394
0.824138
1.142392
2.179516
0.379273
0.857586
0.276209
3.073660
1.304404
1.434952
0.422375
0.865599
0.220667
1.619020
1.784767
0.360447
0.283310
2.394642
1.381305
0.331573
3.228142
6.592014
2.368954
1.991816
0.856415
0.788914
0.306942
2.637568
0.145431
1.162291
1.715533
2.125412
2.183732
0.460754
1.385183
2.844642
1.152036
1.549335
2.231055
7.434862
0.594365
3.141070
0.863179
0.673129
1.375537
0.178739
0.857622
1.546315
2.569371
2.892575
1.808122
2.123137
2.866721
1.278331
1.278753
0.633988
2.349709
1.463161
0.338603
2.461262
0.288678
2.032380
1.524984
2.552664
2.885126
0.540197
1.956963
0.914811
2.219731
1.312371
0.912354
6.053744
1.110003
1.784429
0.663738
0.093355
1.884217
1.398021
1.570216
1.411546
1.131836
0.846671
0.889110
0.892533
2.528334
2.680395
1.403752
1.690270
1.129836
1.645910
1.232095
1.279641
1.015221
0.411558
0.940143
0.789537
0.769330
0.400231
1.664784
0.338710
1.618490
0.132750
0.327151
0.362319
1.841006
0.820077
0.380878
1.059843
2.782262
1.917235
7.541327
0.873090
0.263927
0.886919
1.767618
2.975851
0.619929
0.706512
1.394807
1.712335
3.057440
0.300583
0.578110
0.823470
0.554616
1.390730
1.527251
1.155237
1.716669
0.733625
1.358017
0.825525
0.764628
1.577481
1.018654
5.733574
3.539829
1.248695
1.045625
2.376290
0.665397
1.043299
0.514908
0.773186
2.078241
2.547929
0.573588
4.542613
0.394618
2.037199
1.642645
0.128357
2.380895
2.504553
0.853033
0.072118
1.016911
3.529493
1.166490
0.333359
0.617893
0.175414
0.992759
1.223441
1.658902
2.272014
1.207954
1.485124
0.819689
3.103817
1.046928
1.350956
0.858043
1.442394
2.476778
0.373511
1.072533
0.188671
0.322450
1.325129
2.175442
1.912770
1.362763
1.517028
1.405667
2.807612
1.531236
4.465361
2.390166
0.352677
0.274152
0.215596
0.412416
1.119547
1.316563
2.098442
0.709392
0.181007
0.933193
1.409366
3.485680
2.192923
0.425667
0.736090
0.942273
3.882078
0.934278
2.276203
5.179731
1.098913
0.883734
2.120984
0.533708
2.948363
0.966622
1.970944
2.151174
7.002646
1.879183
1.507169
0.348311
2.124953
1.620794
0.594236
0.651299
0.550799
4.207883
1.197343
0.606466
0.871927
0.276339
0.482376
0.442435
0.548978
1.039750
1.228536
0.463711
2.179096
0.804448
0.439442
0.655313
1.640197
2.980125
1.005509
1.347145
0.763161
0.474842
0.851257
0.759509
2.628135
3.401670
0.936447
1.597545
1.428469
1.407402
2.662072
2.042677
1.329568
0.900655
4.014737
2.776647
1.024194
0.404491
0.088725
1.459390
1.298424
1.246034
1.914599
0.824023
2.318762
2.574201
1.343416
1.139942
2.029157
3.642782
0.106731
0.221069
0.359581
0.872259
0.839022
3.717729
0.739563
1.783400
1.456437
2.559429
0.718101
1.118990
1.515119
2.265963
2.280199
1.414480
1.750109
0.626446
1.753484
1.775467
2.280279
0.617461
0.587403
1.309258
1.295271
0.106645
0.971512
0.316290
1.163609
0.470025
0.159954
1.187623
0.552052
0.409869
2.370241
1.233863
0.294528
0.368511
0.581768
1.651581
3.603691
1.127147
0.395554
1.366518
0.713820
3.108490
0.442822
3.543565
0.445766
2.311811
1.587447
3.414633
0.167892
2.421125
1.152751
1.356509
2.486221
2.581648
1.562586
0.820436
6.002192
1.630201
2.229620
0.541920
2.052511
1.543131
1.732121
2.387681
1.861415
2.715541
1.175686
1.672006
0.852497
1.446855
0.622203
1.459857
1.221707
0.880241
1.308131
1.568720
0.498809
0.521901
1.385162
0.548290
6.112932
0.191070
1.924311
2.457609
2.822978
0.904022
0.488584
2.779674
0.026653
3.594747
0.266603
2.055605
1.390486
1.935956
1.447843
0.747860
1.502192
0.289362
3.439790
3.384525
1.634304
0.492985
1.283844
0.479932
1.213695
0.267803
2.109257
1.635701
0.634132
0.862864
2.397971
0.625247
0.925450
1.368573
0.259271
0.691275
3.076819
0.595911
0.444545
3.084713
0.484318
0.559393
1.709941
1.854486
3.146087
0.705289
5.179164
1.277179
0.832362
3.273019
1.118997
4.098646
0.325342
4.426456
0.408314
1.409678
0.195135
2.820915
0.632112
0.697058
0.630226
0.241348
1.152486
1.441919
1.495017
1.277487
2.432242
1.256458
1.894251
3.923161
1.049419
2.692276
0.478033
0.364444
1.435280
0.281535
0.894184
1.404636
1.434552
1.701830
1.215890
0.203032
1.595874
1.412161
0.105320
2.001589
0.475735
0.227551
1.586081
0.922211
0.780102
2.557735
1.019958
2.060443
1.075283
0.108736
0.756539
0.725262
1.282733
0.060289
0.646886
3.572961
2.719730
0.939896
0.216587
1.118244
1.069681
0.973689
0.162371
0.114992
0.269547
1.270612
0.240106
1.781073
0.355642
0.268799
1.087473
0.658900
0.373108
0.312270
1.477665
0.980244
3.237041
0.069770
0.493636
0.910044
0.131380
1.074006
1.557489
1.321004
1.081629
2.550026
1.185326
0.812508
0.635525
1.277061
2.065457
1.649785
3.047759
2.171625
1.688366
3.984657
0.798427
1.849360
1.655904
0.983821
2.079490
0.366355
1.563091
2.641823
0.523353
0.634340
0.699071
0.354324
0.643452
1.011145
1.102144
0.673806
2.471320
0.304896
2.136545
0.743295
3.185570
0.713032
1.446085
0.469146
2.147041
0.889371
2.211571
1.766346
0.451555
1.128108
1.642539
1.076343
0.526466
0.803708
2.398335
3.381625
0.999114
1.114390
2.226239
1.393499
1.713649
0.249463
1.654604
2.941705
1.119075
0.380644
0.463461
0.776692
0.530083
3.140865
1.397630
0.352585
0.542511
0.492424
0.650140
3.789810
1.223684
0.158359
1.617663
1.579354
1.177753
0.779519
0.293664
1.629720
1.484599
2.883722
1.432643
6.615245
0.880464
0.948542
1.386341
0.129550
1.053427
0.626497
3.100786
2.761762
0.827782
0.251837
0.530137
1.195032
4.035040
1.951448
1.418703
0.469232
2.846330
2.264524
0.369834
0.969895
2.386072
1.960306
0.134114
0.800300
0.194643
0.333714
3.672665
1.576843
4.253894
1.300581
1.568700
0.822784
3.020603
0.571044
0.852860
0.852290
1.013870
0.675649
0.606123
1.898916
0.774949
0.949643
0.611339
0.704663
0.407383
2.165233
0.992368
7.850165
1.452409
1.207776
0.968240
1.025189
0.652712
1.001905
1.866588
0.715305
1.182605
1.688127
2.876583
1.117400
0.580396
1.270197
2.086864
0.377165
1.836174
0.371990
1.061267
0.408748
0.870269
1.591739
2.454263
1.574166
0.106554
0.237596
2.819821
0.430080
2.410013
0.753903
0.428365
1.033805
2.108662
1.242763
2.397701
0.042498
3.039492
1.330094
0.718770
0.974263
0.603842
0.496874
2.485040
0.999533
1.708750
1.511629
1.223315
0.952295
1.826784
3.274672
1.203371
0.228680
1.379831
0.844741
1.707870
1.407206
0.937201
1.365558
1.784662
0.589626
2.450970
2.324283
1.529436
1.509908
0.833942
1.088725
1.514946
0.646212
4.655353
2.711094
1.530817
0.565470
0.171421
1.121121
1.450056
1.795301
0.286168
0.342203
0.313953
2.081025
0.103987
1.385891
2.290194
1.405957
2.849716
1.175880
0.468910
0.708403
0.199725
2.435637
1.124937
2.681681
1.629742
0.306514
1.168004
4.078655
1.251604
0.340836
0.578553
1.205879
3.780753
2.286424
1.731657
4.586445
0.716074
0.719647
1.724157
0.840900
0.889797
2.000466
0.355163
0.910010
0.813890
2.940597
3.288989
0.588189
0.948194
0.299335
1.123319
1.018196
2.964612
3.094118
0.744783
1.342785
4.657793
2.012411
1.258087
1.205989
2.444275
1.831653
4.686452
2.190863
1.258202
1.670155
2.093071
2.117813
3.227203
1.097032
0.373809
0.732097
0.575546
0.565671
1.567742
1.231812
0.341677
1.361841
1.809466
1.131626
1.548870
0.499721
2.675522
1.276130
0.297215
0.474630
0.295940
0.245019
2.903375
1.428201
1.322503
1.916034
0.759934
1.276234
1.267392
2.226155
0.549457
0.762730
1.405479
0.382309
1.920800
1.696383
0.938056
3.197940
2.575532
6.454727
1.047790
3.447000
1.353614
0.427268
0.993023
0.532148
0.744367
0.719810
1.775723
0.878389
1.014123
2.034415
0.977196
0.792363
0.861715
3.291540
0.178567
1.539193
1.103709
1.334886
1.028370
1.564612
2.405079
4.725122
1.912340
1.369349
1.638708
0.372618
1.171149
1.234794
0.365250
2.945980
1.089001
1.621156
0.146470
2.460383
2.325143
0.781667
0.379708
1.237586
1.596527
1.242355
0.712279
0.171241
2.277313
1.470365
3.712420
2.432902
0.613104
0.997614
0.947782
1.556616
0.167863
0.598168
1.504544
2.011125
2.048532
0.701875
2.529826
0.662856
2.041522
3.501824
0.452607
0.587433
1.445758
0.492158
0.203306
0.997423
1.100391
0.455075
2.994245
0.335125
1.608206
0.514829
0.393560
1.099874
2.032146
0.274469
0.747493
4.040623
1.124963
1.648061
1.455619
1.180223
2.584660
0.578593
0.653514
1.529417
1.105183
0.325512
2.539933
0.601984
0.143284
4.651516
1.005024
1.496113
0.451658
1.079157
0.023831
1.426335
1.404859
3.000090
1.668218
0.610999
0.293875
2.073174
1.654022
2.359001
2.370500
3.351697
2.171775
0.749083
1.442987
0.943368
2.044641
1.084618
1.395477
5.120719
0.258309
0.122500
0.295064
2.972815
0.628747
0.340078
2.793178
1.547621
1.759215
0.122907
0.268680
1.761161
1.463452
1.563157
1.458017
0.691324
2.444287
1.652602
0.122726
1.199183
1.165102
2.452167
1.042500
0.710217
0.410022
0.051513
1.583046
2.707470
1.090259
0.587529
2.615834
1.210045
0.614367
3.256250
0.985570
1.063145
0.090761
0.741465
0.248171
1.785903
0.768315
0.388904
0.955419
2.766643
1.921861
4.108587
0.441278
1.386831
1.551331
0.470025
0.255069
0.367297
4.409932
1.156630
0.901797
0.354235
1.162485
4.855983
3.902263
3.113609
0.555995
2.354586
1.013074
0.985041
1.982698
2.240361
2.366251
2.014830
0.314015
2.694712
1.097406
0.916588
4.307770
2.374644
0.669844
1.819257
2.196451
0.928078
0.722556
1.024624
1.243180
0.824608
1.241183
1.185303
2.172746
2.611096
1.409389
0.708361
2.502769
1.304798
0.533002
0.171680
0.896058
1.423669
1.038824
0.365722
0.947344
0.670391
2.515696
1.105391
0.398587
0.770945
2.289303
0.335703
0.406086
0.241242
2.163280
2.983777
1.025978
0.247347
0.818397
3.171444
0.923393
2.346706
1.000890
0.487011
1.727994
4.229209
1.014387
1.275100
1.233252
1.425331
1.338122
2.567620
0.496794
3.943856
3.603258
1.297242
0.593294
2.202629
4.398830
0.810272
0.332492
2.162517
0.978720
0.575352
2.414116
0.537644
0.363214
0.674544
0.635023
1.011873
0.507850
1.445813
0.638837
1.375833
1.939087
2.961022
1.301104
0.467101
1.040847
0.196552
1.872715
3.968488
2.819556
2.695207
3.253048
2.423087
0.995794
0.435026
1.553589
0.943893
1.072472
1.818395
0.503205
2.373604
2.901770
4.920135
6.060919
4.952831
0.645423
0.625665
0.981646
0.968284
2.252013
1.530189
3.548516
1.311384
1.259696
1.163813
1.716742
3.355535
1.239531
0.977764
2.909739
0.977521
0.710530
2.348924
0.632342
1.661411
3.536283
2.492199
0.188432
0.948461
1.335560
0.564045
0.588217
1.080410
0.534241
0.578772
1.049253
0.995450
1.021212
2.320781
2.157740
0.613140
1.060021
1.908867
1.983663
3.493879
0.589590
1.037262
2.711933
1.823698
2.280339
2.079248
0.362076
0.293374
1.444084
0.817559
1.891079
1.292826
0.496819
2.012052
2.987508
1.799016
3.430335
0.378879
0.453153
0.397528
0.778429
1.366461
1.240198
1.819044
0.933554
0.767766
3.101134
2.224211
0.119691
1.659834
1.949408
0.615273
0.313929
1.510469
3.128499
2.769537
0.942923
0.084910
3.546756
3.816601
0.831016
1.687151
1.187003
1.161255
1.032531
0.967911
0.528036
0.897386
1.189776
0.795614
1.130483
2.130523
2.593557
3.995756
1.176798
0.641786
0.694738
0.980620
0.151381
0.720194
0.242443
2.033097
1.167836
0.422938
0.921350
0.977401
6.680324
1.947781
0.991559
3.502876
1.781671
1.864935
1.503780
0.540761
0.564412
0.150145
1.377052
0.904480
0.937901
0.232503
1.658418
2.412410
2.357191
1.255863
2.208712
0.789610
1.950481
0.232928
1.770962
2.034248
0.806993
1.947036
1.254295
2.153714
2.577993
2.725422
0.532341
2.560256
1.514149
1.395721
2.207216
0.793537
0.753632
0.994304
1.167464
1.148260
1.036372
0.202256
2.362793
2.180002
0.323942
1.170807
1.535047
2.931028
5.064620
1.017980
0.581144
1.899940
1.113606
2.806978
1.177421
2.044117
1.541915
5.255836
1.325251
1.161052
2.643620
1.847265
0.840416
1.159895
0.744285
0.414725
2.105652
1.368414
1.257585
0.684751
0.160497
3.313268
0.751877
2.499805
1.868925
0.907761
0.830889
0.855926
0.697269
0.805351
1.962210
1.102823
0.187049
0.571981
0.852723
1.247048
3.627116
3.617622
1.221827
1.196050
1.041666
0.916936
0.585067
1.975866
2.429308
1.161010
2.601565
1.498078
0.181286
0.935843
2.541204
0.251589
0.789192
0.442798
2.890762
0.121607
1.189495
0.613959
0.882852
1.951071
1.267961
0.338647
0.556747
1.341580
0.737703
1.255831
0.262633
0.632640
1.130455
1.355439
1.835748
2.758674
3.090614
2.997193
1.545971
1.978996
0.946393
1.171857
0.886322
1.004927
2.521271
0.581051
1.114195
0.476395
0.838470
0.881814
0.504018
2.281104
1.363411
1.229399
1.332721
0.307904
1.442335
1.904281
1.535607
2.588550
0.664691
1.703549
0.320446
1.791092
0.632820
2.154974
1.410555
0.449310
1.755623
0.573986
2.728895
0.277266
1.697024
0.631517
1.135075
1.259280
1.029985
3.098987
1.661986
1.949760
0.703554
2.320641
1.331898
2.297355
0.821438
0.341720
2.775858
2.938852
2.292098
1.215927
2.020210
0.235057
0.519283
2.404328
1.960058
0.966614
1.516252
0.812997
1.264401
0.780131
1.228890
0.976551
0.899719
0.526406
1.512507
2.316700
1.742071
0.157666
1.904470
0.868427
2.040273
4.578833
0.490037
0.790722
2.189679
1.142886
0.963399
1.699701
0.918061
0.573583
0.516901
0.410119
0.661955
0.848233
3.502966
4.281511
1.852578
1.352851
0.757652
0.644847
2.504255
2.159758
1.531978
0.583129
3.678311
0.637749
0.092194
1.579991
0.680360
1.935467
4.105998
0.023041
1.855474
0.419518
0.791769
1.228732
1.437297
1.746310
0.527926
3.528265
2.716173
0.856766
0.268183
0.395097
1.667412
6.219842
0.330175
0.935274
1.342516
0.918968
1.475481
0.977475
0.476943
0.611834
1.445554
0.366122
1.070291
1.467251
1.904850
1.724920
0.842472
1.782237
1.726693
0.209947
2.298089
4.378019
1.317694
0.980541
1.662505
1.828233
0.859791
1.298875
0.209064
0.975181
1.594802
1.789235
0.966734
1.865631
0.288548
3.332148
0.321647
1.666191
0.831737
0.632139
2.677194
3.002896
0.820834
0.791411
1.216442
0.216810
4.350317
2.355967
1.926018
1.641881
2.587539
1.324809
1.564309
0.982554
3.326613
0.757148
0.370507
0.717354
2.306605
0.450303
1.641302
1.102145
2.390357
0.204068
0.511615
2.853343
4.005949
0.665198
1.342398
0.758862
1.123792
1.029072
0.564343
2.095401
1.856619
1.744993
2.286505
1.762987
1.229379
1.319428
0.867943
0.907634
0.322116
3.951789
1.998406
0.075573
0.680921
2.503761
0.727959
0.266165
4.359237
3.166491
1.229451
2.247207
3.708004
1.676754
1.768080
3.141914
2.939674
0.660340
0.589300
0.900903
1.630276
0.967306
0.428996
0.913407
0.295561
3.316719
0.238350
1.395846
1.146891
0.961629
3.222907
1.331241
0.882144
1.703939
1.344929
1.454251
1.257941
2.326012
1.615755
1.196611
1.933534
0.474295
0.766642
1.751905
2.267800
4.355364
1.486038
1.814381
0.609120
2.232270
0.262400
2.583679
0.554581
0.541759
0.619654
0.686522
0.388706
0.709745
2.318011
1.404716
1.609090
1.945799
0.404859
4.787827
1.009201
1.665666
1.408635
3.150360
1.161134
0.618665
1.007509
0.599729
0.906871
1.774966
2.840642
0.508975
1.687441
1.192806
2.620662
2.717883
0.757704
3.113097
1.915045
1.141838
0.351911
3.497329
1.849560
0.576027
0.590070
1.284141
2.058928
2.473638
0.708262
2.714731
2.371054
1.678079
1.300873
0.985411
1.427023
0.037368
1.506001
4.632248
0.602445
3.929367
1.707964
0.360036
0.425687
0.863838
1.424679
4.598641
0.606806
2.614469
2.900385
3.394031
0.838855
4.653088
2.734327
0.198871
0.537243
0.314965
1.367517
3.392121
3.095551
2.319214
2.279473
1.941058
1.167156
0.865352
0.439049
0.258649
0.868113
1.934462
0.199027
1.331251
1.786395
1.822752
1.587417
2.320152
0.215435
0.612169
2.212433
0.682158
0.303571
1.762175
0.549007
0.981506
1.697154
0.261162
1.051946
2.482531
0.438075
4.545377
2.117291
0.214838
2.206007
1.432522
2.103710
0.725612
3.135340
2.940895
0.830260
0.696386
1.575587
0.897056
2.212390
0.838019
0.263577
1.057516
0.458208
0.359639
1.595756
3.308933
0.866173
1.827200
1.531588
1.262680
0.368705
0.756248
1.398526
1.273359
0.428417
1.786199
1.221775
2.921517
1.927989
0.771881
1.168063
1.230728
1.367788
0.978825
0.997265
2.728938
1.613521
0.180718
0.641948
1.076146
0.894109
0.749423
2.625225
1.190767
0.935849
1.218312
1.028299
1.830759
0.593083
0.179555
0.631766
0.783860
0.810691
2.178617
2.323890
1.066256
1.178712
0.816189
0.844470
0.612131
1.491377
2.247874
1.851843
0.502569
0.571681
0.400796
0.189256
2.425167
0.460908
0.701456
0.723762
1.193739
1.307719
0.437798
4.196224
2.986511
1.553430
0.964150
1.509270
2.370410
1.022073
2.395680
0.418823
1.880831
1.526119
3.347396
0.486222
0.360977
0.677392
1.164911
0.796282
2.500552
0.739823
0.116714
7.335384
1.140620
0.427870
0.184648
0.780989
0.708250
0.758398
1.377303
1.981327
2.329827
1.757579
1.861803
1.873680
0.806631
0.371164
0.840493
0.443604
1.242342
0.488348
0.684051
0.641611
2.061961
0.544599
0.942497
2.575657
1.040963
2.522573
0.500344
0.715374
0.423632
0.525601
0.712766
1.439704
0.769877
0.769759
2.747967
1.342520
1.408637
1.077708
0.771469
0.970261
0.425110
0.050738
0.385032
1.058506
0.376865
1.056030
1.365921
1.502890
1.418902
2.249732
2.412125
0.867433
4.442154
0.595424
0.572407
0.990305
0.245069
0.885060
1.660958
0.524317
1.257295
3.148122
2.004385
2.250184
0.601296
1.562327
0.887653
2.123246
0.280328
1.594755
0.512262
0.551466
1.602341
0.718784
1.507531
1.952542
1.769253
0.512781
0.876628
0.718615
3.932605
0.530782
1.487284
3.454559
0.939152
2.191802
0.860230
1.040330
0.455766
5.202443
1.446623
1.628432
3.022403
0.861221
1.102972
0.401189
3.852443
2.209680
2.819135
0.143013
1.061604
0.238227
0.587613
0.295801
0.809123
2.267448
2.258368
6.185359
4.022788
0.474475
0.710382
3.273859
0.818442
2.605435
2.648632
1.752194
1.630748
0.585422
0.383478
2.150720
0.563114
1.762141
1.059256
0.357602
0.150229
2.724669
0.591984
4.479581
1.692413
0.341880
6.033121
0.365151
0.444512
0.577900
0.509052
1.080887
6.273033
3.928269
1.071731
3.920866
0.388772
1.779542
2.839057
1.035810
1.350063
2.009967
0.378703
0.583700
3.604382
0.594470
4.427852
0.450878
2.843557
1.007471
0.637305
3.037717
0.745611
1.048095
2.815740
3.524633
1.241429
2.774006
0.208840
1.591881
0.311727
0.581993
0.309556
0.302033
0.501854
1.235919
0.185629
0.712068
0.581296
3.138230
1.725560
1.980643
1.690401
2.122856
3.467637
1.523074
4.407638
3.134534
1.981073
2.642747
0.829713
4.045054
2.095639
1.473092
0.973114
1.650718
1.317348
2.896006
1.307250
1.410690
1.294210
1.500804
2.082283
1.483540
1.712642
3.223437
0.382626
1.813626
0.554989
0.784201
1.535346
2.600022
0.218381
0.754733
1.584421
4.463051
2.892671
1.512089
2.889964
1.595128
1.157985
0.612626
1.491828
0.672299
2.269414
5.087236
2.896182
0.874880
2.784143
1.054579
3.095763
1.016368
0.184791
1.733263
0.072950
1.812764
1.489180
0.393966
1.002408
2.152772
1.004010
0.136690
1.603646
1.088474
0.787565
0.733292
1.037780
0.571071
2.762866
0.811530
2.387325
0.891795
1.273884
1.056152
1.455272
0.839506
1.029181
1.181158
1.682359
0.779986
3.022571
1.418011
1.813679
3.386411
0.697306
1.831947
1.589940
2.563330
2.310725
0.205182
1.587773
0.618802
0.255202
0.735478
1.650140
0.891001
1.330569
0.306876
1.320038
1.042093
0.955664
0.920035
2.086535
2.944777
2.182381
0.905776
0.633576
0.593262
2.452797
2.807693
1.212454
1.969096
1.127572
0.580698
1.719557
1.846428
2.964234
0.808653
1.382677
1.852543
0.878864
0.580940
3.248221
0.985175
1.146124
1.424512
1.969738
0.084202
1.629849
0.748355
1.056421
0.173056
1.607482
0.577931
3.234524
1.058733
1.347111
0.475155
1.568756
0.964433
0.175827
0.426016
0.432390
1.187900
0.822541
2.232757
0.577626
0.620676
0.390591
2.025990
3.260773
1.103194
3.632782
2.540613
2.477478
1.029304
1.055820
1.432638
1.043549
0.311676
2.601589
2.517200
0.373070
1.219666
0.216227
0.151453
3.238688
1.448724
0.516642
1.353035
4.137786
0.570051
1.707452
0.360404
1.713484
4.862259
2.858723
2.656433
0.589597
5.675695
1.542960
0.432274
1.087817
1.395676
4.252860
0.750754
4.557203
0.994425
2.610330
0.998264
1.153938
1.870247
0.680964
1.394709
0.617258
0.756665
1.448653
0.458470
2.676622
2.002350
1.758665
2.453948
3.441434
0.906627
3.292385
1.515875
0.874790
2.334451
1.165187
1.323279
2.295995
0.360768
1.678566
0.690035
1.666040
1.588686
1.294981
1.599656
0.191203
0.970132
0.209181
1.225477
0.382834
0.752285
0.293311
0.820379
1.382975
1.641130
1.107856
1.062821
0.997077
0.455095
0.720909
0.865046
1.201656
0.574393
3.564935
2.413296
0.084620
1.039373
0.931638
2.332958
1.250936
0.186328
0.291237
0.525748
1.680725
1.464476
2.269988
1.784763
4.444613
2.480961
0.575496
0.327078
0.423528
0.705336
0.981905
1.742411
3.034494
2.480949
0.400387
0.802209
4.311165
0.942948
1.607986
1.139367
1.389406
1.444041
0.776015
1.407103
0.039129
1.669180
0.970223
1.254543
1.767330
1.109977
1.734320
0.895112
0.224813
1.185418
0.230239
0.140540
0.837732
0.660667
0.368525
1.090987
1.203639
1.194818
0.428611
0.992270
0.845841
0.653872
1.813045
0.791766
1.498799
0.874573
2.060877
0.524894
3.244990
0.261298
1.955467
3.264837
1.854989
0.431153
1.079664
0.999106
1.412250
0.412173
2.005631
1.526669
1.479217
2.202964
1.578166
3.174366
0.172186
1.906532
0.914535
1.264259
0.615050
1.181896
3.087574
1.319392
1.852997
1.522200
2.457343
0.822102
3.696697
1.482851
1.182506
2.736336
1.642411
0.628962
2.246442
0.920440
0.876177
0.664383
2.059165
3.109812
0.894957
1.252534
1.290561
3.597997
0.796215
0.501075
2.653135
0.847001
2.783877
0.639608
2.491389
0.359664
1.826372
2.019280
1.572788
1.033333
0.923139
1.143399
1.923371
0.822377
0.285460
0.613067
0.570214
1.856966
1.061954
5.156681
0.317697
2.093245
0.641366
2.452359
1.745649
1.416894
0.885901
0.606625
1.276567
1.630563
0.920847
0.966631
4.301668
0.677961
1.510659
2.327054
0.861892
0.815981
1.396939
3.947732
1.911337
3.330955
1.057306
1.123021
0.681244
1.198192
1.690893
1.072851
0.592092
0.364448
1.047479
0.740658
2.636522
1.626950
0.400634
1.335955
0.631917
1.120937
2.010796
1.964766
0.382480
0.408239
0.432378
0.317770
0.905379
1.928641
2.857444
1.770252
0.228011
1.122377
1.641683
2.088842
0.968230
0.322757
0.638890
1.574744
1.389394
2.854771
0.285477
2.068948
4.676181
1.187640
0.213817
2.505308
0.444279
0.481485
0.972410
0.891599
1.490832
0.461890
0.350400
1.816890
0.691503
0.614177
2.125313
1.501166
3.508903
1.686422
0.778037
4.740362
0.422785
3.535190
2.011306
1.236607
0.146781
4.304898
0.452200
1.440052
2.632362
0.580642
0.886470
2.501619
1.730868
0.963925
1.762347
2.279433
1.298719
0.314583
0.498054
0.445070
0.612324
0.675677
2.422045
1.131316
1.115385
1.506744
0.288456
0.985696
0.732745
0.906182
0.948783
0.976646
0.788785
0.437987
2.892902
0.826503
0.377735
0.170495
2.955639
3.909975
0.630215
0.681617
2.265058
2.926388
1.569143
1.202328
1.817352
0.501662
1.385384
2.588436
0.762556
2.108207
0.372317
0.414281
0.654527
1.349425
1.890882
0.780335
3.515325
5.367946
1.636684
0.827717
0.956903
3.604033
1.094703
0.736368
0.718419
1.331742
0.785732
0.513430
1.232760
1.263929
1.012741
0.803807
1.023470
0.198438
2.219242
0.407280
0.568453
0.909194
4.104922
1.163159
0.443745
0.291470
1.455086
0.914478
1.525920
0.810868
1.649473
1.363371
0.792058
0.795983
2.705195
1.736191
0.688273
0.820698
3.681419
1.252743
2.586716
0.686005
1.711574
0.910301
2.059275
0.324855
1.680846
0.534883
0.401448
1.126324
0.760306
0.788088
2.320869
0.694789
2.099602
3.520297
0.823308
0.911509
0.795123
3.294140
1.694346
3.748397
1.182707
4.054709
0.702535
0.899192
1.622887
1.233404
1.690738
1.474320
0.118323
1.277839
2.489454
1.754360
2.760519
1.496024
2.057735
1.326749
2.117234
2.700448
6.319787
0.273589
0.526391
2.300737
0.809857
3.449674
2.015986
1.556911
0.783778
0.259342
1.353415
3.940835
0.077993
0.193838
3.293535
0.713796
0.964232
1.410260
2.065602
0.247439
0.523200
2.123260
1.402142
0.086907
1.131481
1.101879
1.516096
0.632597
4.931656
0.964263
0.356498
4.707427
1.088917
0.707998
2.205196
2.002532
0.582499
1.335304
0.939498
1.204260
1.476296
3.212783
1.114856
1.492354
3.721288
0.955658
2.631147
0.864627
3.679855
1.559657
0.964719
0.416719
0.998338
3.706164
0.432033
2.605579
0.995230
1.935543
0.326264
0.964570
0.414129
0.526235
0.926735
1.366699
1.054990
0.503932
0.800206
1.547660
1.811010
1.721715
0.402716
0.783356
1.477225
1.383697
2.928040
1.347456
3.496180
2.040886
2.805873
2.876180
0.960001
0.724749
0.084842
2.145272
0.627561
0.446473
1.601212
1.532348
2.635934
1.867515
6.721083
4.451260
2.801789
0.921703
1.306829
0.807871
1.275180
2.452495
3.290286
0.631150
1.251501
0.212959
1.262171
0.392200
1.485052
1.022285
1.650708
1.323884
0.525239
1.316579
1.064345
1.347501
2.256567
1.079038
0.849051
0.147479
1.394016
4.029478
1.589013
1.060217
1.739449
1.581620
1.009588
1.384666
5.743046
3.424642
2.691374
1.259363
2.105167
2.226956
1.934699
0.754982
2.436465
0.685084
0.971269
1.068649
1.659953
0.220439
4.180037
2.376069
1.419700
0.998168
0.938389
0.950731
2.447257
1.804467
0.990683
1.000512
1.682370
0.185438
2.401449
0.879657
1.672328
0.655247
3.013799
1.651518
0.525353
2.114697
0.523591
3.460988
1.404112
2.950222
0.631200
1.004902
0.477294
1.504844
2.437533
2.247884
1.623074
2.261779
1.556477
0.631524
0.595299
5.694322
1.477495
0.209323
1.780268
5.390003
1.078554
0.903699
0.150597
0.718188
1.798298
1.738042
1.212510
1.491176
0.859409
1.675350
0.944930
1.224571
1.486326
3.540108
0.993785
2.346957
0.884526
1.329330
1.050997
0.547101
0.876222
0.300522
4.604039
3.990420
0.766481
0.554811
3.820329
2.801657
0.627031
1.634285
2.724673
1.649015
0.043604
2.897391
3.136234
1.804904
1.411599
1.019422
0.790502
3.015524
0.305111
1.714167
1.007293
1.699679
1.533596
2.246477
1.193862
3.894566
0.875675
3.063954
0.462822
1.744345
4.423168
0.419396
1.623196
0.718665
0.790768
1.492786
0.479358
1.266181
0.690940
0.144863
0.527708
0.694581
3.088045
0.340135
3.651982
1.186926
1.208035
0.687803
0.973466
1.381904
3.192411
2.197264
0.650644
1.313592
1.460884
1.866156
1.214208
3.336676
1.558175
1.583298
1.522241
1.488233
2.005365
0.704260
2.638619
0.246018
2.597140
0.088735
1.388224
0.392694
0.173597
1.932371
0.908362
3.430297
2.327818
0.803526
1.042361
0.805979
1.359364
2.282038
2.675876
1.161280
1.479588
0.370382
0.083575
0.564719
2.304316
1.229673
0.417139
1.074336
0.452064
1.916910
0.200544
2.792043
4.767072
2.921623
3.316109
2.480723
2.994858
1.208628
3.581550
3.303101
0.639719
0.796081
2.653192
0.216207
1.507968
0.759654
0.883132
0.507890
0.355423
0.615071
1.579904
1.761277
0.807311
1.599700
2.715608
0.418998
0.463509
5.145053
1.355296
0.732877
1.871445
1.444144
0.492026
1.808068
1.177934
0.331844
1.323815
0.961224
1.411040
1.189018
0.812088
2.222262
2.171532
0.538400
2.437134
0.982211
1.125990
0.545584
1.352970
1.342928
0.974945
0.552738
0.656883
1.792744
2.343206
0.389158
2.313096
3.777600
0.362136
0.921793
0.642348
2.292547
3.605946
0.949067
1.245249
1.056198
1.123403
0.240551
2.284927
0.179858
1.300491
0.416429
2.371978
0.822596
0.771964
1.656938
1.832835
1.992395
2.430447
0.704213
0.777056
0.632293
1.079347
1.286259
3.128257
0.699191
1.571426
1.911769
0.608513
1.887216
0.353936
1.071722
1.297327
0.207999
2.291844
0.208043
1.135447
0.720056
0.334901
0.728080
0.774412
1.519958
0.965610
0.408945
3.261296
1.716156
2.088464
1.579954
1.041399
1.487974
2.834839
1.851030
2.353452
0.837720
0.661657
1.940157
1.419614
2.636630
1.132770
2.159985
1.438914
1.349014
0.623147
0.403043
1.443691
0.164928
0.479976
0.236249
0.766409
0.645724
0.817196
1.425794
2.461758
1.794495
1.775070
2.060718
0.933013
1.127908
0.983672
2.179844
0.271986
0.749103
1.221167
2.745238
1.489246
1.932722
1.515706
0.541113
1.471000
0.303273
3.835541
0.542377
1.538768
0.536395
0.763841
0.593580
0.583601
1.067712
0.682484
1.185107
1.663376
1.370122
0.278670
1.212606
0.696359
2.005498
0.703374
1.547182
0.605502
1.631718
1.014445
0.719164
3.264388
3.005888
0.465817
1.288927
1.593615
1.999836
1.809891
0.649670
2.336666
1.662784
1.008518
1.072634
2.413935
1.771681
1.588411
0.170388
0.424012
2.763925
1.243901
2.129493
1.075892
1.394928
0.733085
1.761355
0.823126
1.289597
0.804583
1.279314
0.535972
1.855789
2.166440
0.373542
1.534202
3.232314
1.554232
0.693440
1.707475
0.836858
1.176619
1.195125
4.510827
2.798908
3.186805
2.287248
1.408526
1.359381
2.430541
1.776584
1.066821
0.871486
1.148982
2.656141
3.012381
1.953321
1.354338
0.630514
0.716301
2.592212
1.966449
1.074618
1.400157
1.286016
1.304214
0.558065
1.102716
0.495861
1.073160
0.417516
1.166877
3.094803
1.497827
1.116589
2.214117
1.281599
0.712386
0.925076
0.317971
0.359958
0.265619
1.238584
1.065755
1.279325
0.934861
0.862151
0.708073
3.189027
1.359908
1.274547
2.123911
0.777735
3.733504
0.880751
2.335508
1.188877
1.291317
0.717365
1.598475
3.872451
0.955314
0.404615
2.701561
4.671863
1.387978
1.685782
1.235811
2.375750
0.182933
1.426673
3.125887
0.338257
0.336957
0.882833
1.499406
1.112774
1.732693
2.628094
0.937179
0.653453
0.957883
0.479648
1.282824
0.859656
1.199225
0.871203
2.337606
0.124777
1.490750
1.117239
4.282673
4.546992
1.388743
2.502075
3.909275
0.439648
1.243998
1.142060
3.662008
1.313562
0.226192
2.648019
1.539198
0.431465
0.607489
0.633569
1.415993
2.825251
0.334996
3.552545
0.414383
1.135879
0.353520
1.601508
2.214063
1.424599
4.402550
1.517721
1.462752
1.422647
0.287191
1.387684
1.366114
1.565579
1.013638
1.264983
2.019979
3.106847
4.537553
1.817714
1.104558
0.151219
1.392998
0.291692
0.474011
2.110319
0.761765
1.872019
1.664372
0.927329
1.671990
2.110414
2.396041
2.002494
1.022011
1.547047
0.843988
0.969757
0.651515
3.140515
3.937618
0.776352
1.176500
1.267697
3.163660
2.819387
0.195200
1.705103
2.231486
0.106253
0.939521
0.680894
0.189698
3.427444
0.809394
0.536427
1.843063
1.467534
2.856794
0.928031
3.838917
1.347973
0.464254
2.164513
0.785743
1.347336
1.007660
1.551585
3.380919
1.585680
1.318322
2.914859
3.248479
0.129738
1.024231
2.490215
2.960301
1.093645
1.253767
1.796893
1.116582
2.796875
3.486833
1.185620
2.346979
0.688396
1.655914
1.292528
2.481556
1.335191
2.889318
2.233595
0.358948
0.189499
1.435813
0.973385
1.426845
4.817798
0.094999
1.253796
1.537119
1.339418
1.011996
1.327621
1.378187
2.336018
0.960705
1.130559
0.709475
2.888399
0.499115
1.851166
2.115955
0.366461
0.578215
1.465232
0.878521
2.532709
0.419882
0.555228
0.980422
0.102143
4.537794
1.183592
0.220723
1.378272
2.687430
1.538612
1.336145
2.754207
0.441406
0.510003
1.047362
1.308310
1.810725
4.642809
0.892272
0.334495
1.087204
1.508861
4.283255
1.472094
0.828184
1.993346
1.768391
1.252158
0.869568
0.188986
0.910840
1.122439
0.615340
2.000728
1.144033
0.572302
0.651534
1.236726
2.007451
0.374856
0.426062
0.778870
4.354193
0.688570
1.116522
0.991979
2.148097
0.494173
0.951233
0.444189
0.658870
2.336601
1.948072
0.603819
1.022057
0.259866
3.707959
0.374747
1.385833
0.771203
0.441357
3.194528
1.984205
0.871838
1.698385
0.609585
1.297989
2.936669
1.856432
0.748793
5.886660
2.433925
1.407940
4.156308
0.332504
0.164187
0.926213
2.623943
0.541787
1.973720
5.187549
1.017827
1.372906
1.903343
1.528477
4.103518
2.130024
1.392563
0.294102
0.872388
2.577187
0.577089
0.710124
1.483358
1.303933
3.277956
2.280826
0.278747
2.375698
1.271961
0.868681
2.343290
0.896150
3.050096
2.177087
1.067074
3.341154
0.491699
0.774404
0.392596
2.893383
0.752020
1.260280
1.110581
0.060864
0.439683
1.037749
2.146794
1.780885
1.184826
0.422443
1.340875
1.720808
0.952362
0.474919
0.602759
0.799958
3.655638
0.721389
0.438359
1.149971
1.492995
3.546028
2.343738
1.248901
1.923941
0.688331
1.086593
2.783076
1.322672
1.339078
2.110927
2.345274
0.274932
0.637423
2.365580
0.560988
1.606815
1.492633
2.746039
0.427645
1.886130
1.046453
2.223448
0.372911
1.390029
0.013576
1.001146
1.259324
0.721753
1.292094
4.592591
2.663038
1.155173
2.233221
0.945640
0.589719
0.237570
2.319960
0.329036
1.441580
0.911334
2.557677
1.001750
1.034272
0.315478
0.635915
1.489134
1.858000
2.373578
1.169784
2.441015
1.332762
2.934064
1.574525
1.606188
1.134766
1.575079
0.220218
4.307336
2.901739
1.393338
3.740776
2.047551
0.205002
2.011031
0.452716
0.658817
2.221817
3.592015
0.816632
0.953572
0.800108
0.516008
2.138252
1.882276
0.664527
8.483926
0.830806
3.637495
2.371133
2.216700
2.154346
0.924712
1.777301
1.022898
0.056287
0.491501
0.220121
0.229532
0.434105
3.366927
1.510632
0.325286
1.778536
1.614307
2.403197
2.379150
2.734783
1.555083
2.094948
0.564062
0.005429
0.313152
0.892102
2.138393
2.201559
1.444871
2.136406
0.401641
1.307290
1.489162
3.004743
0.820954
4.002431
1.472099
1.902076
4.089556
1.986757
2.066591
0.098802
2.687601
1.793751
1.536598
3.591543
0.970449
0.708358
2.113504
0.611093
0.451489
0.990647
4.507306
0.829622
0.990710
0.254108
1.693961
0.538658
2.491815
0.693620
3.701406
3.691333
2.158436
1.355900
2.579309
0.370636
1.264008
1.106299
2.357685
1.184004
0.577347
1.440547
1.204964
0.283463
0.748149
0.394957
0.084546
1.684082
0.924783
2.144864
2.717598
1.218491
0.541356
2.552963
2.324615
1.406445
2.977069
1.180617
1.982219
1.976294
1.928350
1.792623
1.785802
1.258870
0.684489
1.345210
1.514738
2.056017
5.938809
1.062580
0.677175
0.566643
0.109539
1.936704
0.689235
0.769766
2.475901
0.702380
3.706194
0.598780
0.204342
2.381737
1.808411
0.610780
1.720622
1.259543
2.141873
1.419533
5.666391
1.282851
0.827616
1.900863
0.627163
0.103419
0.665430
1.140191
1.370473
2.514606
0.639450
1.356647
0.739263
1.145863
1.961105
0.760859
0.587974
4.990033
1.411969
0.212082
0.675249
1.285682
0.672117
0.743606
0.889869
3.466547
1.190039
0.158076
1.114532
0.719245
1.479039
1.098924
2.173657
3.113358
0.527500
0.051062
3.233646
1.009921
1.145895
1.178589
0.691018
1.770134
0.192058
1.281863
0.497400
2.094630
2.279405
0.898015
2.033438
0.953677
0.974642
6.322700
2.983563
1.570047
0.736417
0.690349
1.394942
2.035132
0.733127
0.140694
0.147440
2.669174
1.138074
2.270882
2.143497
1.578070
2.284347
1.819203
0.203903
0.736970
0.554656
0.759159
3.909041
0.616550
2.274807
0.411634
4.636274
1.520910
1.145563
1.951533
5.160195
2.569982
1.936907
2.870674
1.180304
0.066195
0.465441
0.240589
2.053331
1.019199
0.288883
2.140523
0.742494
1.288813
1.441590
0.264213
0.499549
0.978525
2.035793
0.569714
1.678203
3.443938
1.160666
1.553509
0.487607
0.746246
1.949559
0.446352
2.846247
0.594096
2.665403
2.746399
0.262866
1.484657
2.079731
1.310665
1.496411
3.013546
1.431373
0.920732
0.819048
1.616021
0.470316
1.453957
0.525068
1.901542
1.613236
0.836964
0.410087
0.994703
1.252484
2.121268
0.863096
4.688187
0.993045
1.187800
0.709556
0.451319
1.527026
0.480265
0.859652
1.176810
0.157560
0.970992
0.324229
2.181214
3.190991
1.737227
1.779837
1.224523
0.226542
0.063315
0.470124
0.555920
1.464506
0.808702
3.027686
0.657690
1.575510
0.146879
1.576683
0.466735
2.213277
3.998270
0.426980
0.571711
1.103960
0.956098
0.837106
0.279953
1.287983
1.654263
1.322651
1.342085
0.223484
1.532932
0.859742
3.890284
0.780904
0.167300
1.129622
0.864353
0.181308
1.486432
1.268831
1.544059
3.036968
1.049208
2.556325
1.315551
1.090610
1.180864
1.721730
0.661442
1.097326
2.223287
1.052598
2.878199
0.540186
1.989999
3.682536
1.806869
0.999618
1.200269
0.681734
1.087535
0.387620
1.425225
0.998861
0.994522
1.491704
2.601425
1.934522
1.572876
1.124706
0.690392
0.686550
0.921102
1.709536
0.374429
2.945910
0.406843
1.427591
1.412101
0.887006
0.159142
0.931554
2.097938
3.104720
1.331294
1.264391
2.642124
0.673371
3.128286
0.897792
1.190706
0.903484
1.121018
0.284515
2.022610
2.560040
1.679905
1.518949
1.442726
0.773505
0.296976
2.431307
1.319255
1.062662
1.234550
1.591871
0.846170
1.531880
0.617222
2.950126
3.910257
0.660656
0.723917
1.926773
0.481632
2.285366
0.682953
0.098196
0.244331
0.509232
0.915960
1.305524
1.259813
2.326095
1.469148
0.725082
1.691835
0.702490
2.748188
0.690796
1.339734
3.526182
0.334210
0.336313
0.937946
1.443215
1.871544
1.798582
0.588522
3.306066
1.473937
0.507124
0.514539
2.620685
2.854942
0.809389
1.695513
0.453856
0.827129
1.862914
0.778006
1.728659
0.683248
2.277365
1.205539
2.468570
0.310820
0.502930
0.362450
3.624487
1.011781
1.600727
2.866265
1.193889
1.882585
0.712695
0.305229
1.076762
3.807996
0.727335
0.921930
1.354666
1.056012
1.288136
1.023174
0.820792
2.434318
0.324935
1.103479
0.487762
2.199735
1.963369
2.391983
0.209318
1.338645
0.826105
2.726868
1.535620
1.162419
4.061998
1.387907
2.759672
1.498685
1.116869
0.922831
0.837736
1.857740
1.071534
2.038552
1.701324
1.809788
0.423566
0.630894
0.435671
1.621097
1.576157
1.084690
1.171144
1.834749
2.824463
1.563606
1.220241
1.559680
1.112391
1.308243
0.527688
2.084233
1.013641
2.165877
0.671169
0.940915
0.889223
0.417288
4.369317
2.245560
1.179223
0.786767
1.256593
3.099188
0.262224
0.552448
1.522537
0.536568
0.998938
1.951280
2.337259
0.184193
0.540293
0.777796
1.945043
0.278481
3.164457
0.655694
1.750735
0.932705
2.070913
2.557343
0.456938
0.530845
1.593387
0.944637
1.331109
4.693965
1.203821
1.267680
2.153183
4.174420
2.319082
0.779388
2.793470
2.668924
1.164387
1.210191
0.218688
2.717402
0.650346
2.583834
2.975602
1.007058
0.483458
1.594060
1.138368
0.292378
2.670323
0.478876
1.071083
1.578808
6.160756
1.397412
2.246982
1.580429
3.494496
0.877295
1.525829
1.066658
2.603361
0.987299
1.000048
1.707970
1.764093
0.755079
1.318572
0.510536
2.116177
1.420321
0.197537
0.047458
1.066026
3.374477
1.011696
1.424936
1.400363
2.675029
1.612796
1.075434
0.114654
0.315469
0.292114
0.090695
1.608977
2.651684
1.603618
1.433838
0.603037
0.694212
0.106338
0.287699
1.622584
1.022032
1.938548
0.856146
1.778364
0.731999
1.205690
1.143664
2.513109
1.284044
1.148618
0.741938
1.123763
2.710291
2.558698
0.165643
1.960842
1.209347
1.127949
2.010374
1.394189
1.280811
2.043231
0.603501
0.969847
0.991708
2.173318
1.463033
1.629101
2.224919
1.650853
0.774178
0.603497
0.970840
1.552210
2.929504
1.658296
0.407491
0.916803
1.227661
1.593483
2.399026
2.119592
0.357663
1.804709
1.564689
0.411313
1.080483
0.420168
1.409417
0.565204
1.751728
0.362981
3.561123
2.857303
1.175924
0.874294
1.719557
0.303871
4.954920
1.155427
1.894046
0.745963
1.722388
0.397643
2.946133
1.408162
2.067495
0.103615
3.347412
0.718912
1.623738
2.042964
0.214075
1.947026
1.123743
1.681946
2.541360
2.889592
2.148395
1.043871
0.328272
1.141768
1.258271
0.161732
0.899391
5.355073
0.920474
0.174605
0.278914
0.891306
1.215913
2.151732
1.561380
0.530796
2.858729
1.281965
1.968908
1.646203
1.306309
1.710602
3.130088
0.544436
1.063445
3.709517
3.091828
2.818937
1.531125
2.053603
2.128413
0.989040
0.551489
2.581630
2.606661
1.783515
2.754107
0.612457
1.750249
0.670599
0.663970
1.975963
1.452241
1.928559
1.284211
0.615038
2.970205
1.025829
1.939209
1.610431
0.289350
0.722665
0.816674
4.486628
1.090906
1.968424
3.323296
0.900163
1.561485
1.336271
0.407795
1.001971
3.456196
0.777025
0.702977
2.226220
4.823861
0.450699
0.077252
1.695680
0.937963
0.675031
1.019647
3.829975
4.238738
3.357896
0.527593
2.710389
0.881317
2.981397
1.256480
1.014382
0.523047
2.378406
0.966427
1.509754
1.388569
0.819936
3.880245
0.567887
2.596693
0.310593
1.456532
2.219135
0.922817
2.503786
1.462043
0.889578
4.366655
1.477649
0.125141
0.885482
2.461470
1.049849
0.797880
2.291613
0.904039
1.157605
1.738793
1.801811
0.940135
0.574817
0.388118
1.320489
0.127517
1.197615
0.477566
1.427351
2.250528
0.387759
2.078484
1.663411
0.541022
0.903066
1.114175
1.321621
0.586257
0.227870
2.824526
0.534752
1.600838
2.956304
1.268725
1.166043
0.836421
2.353019
0.757057
1.724671
0.771593
3.936038
0.942510
1.675255
0.495068
1.170947
0.588388
0.524945
3.989475
0.879027
1.986578
2.070828
1.100583
1.252022
1.045777
1.548096
2.648863
2.715150
0.505906
0.281822
3.118571
0.230833
0.656861
1.355292
3.511248
2.003886
0.170799
0.717889
1.399500
0.806726
3.452526
2.597151
0.728953
0.814087
1.269801
1.045129
2.177529
1.867868
1.453570
2.008051
0.272671
0.857761
1.260259
1.233453
2.493267
3.393004
0.430109
1.830685
2.280068
0.752885
2.078438
1.885105
0.838717
6.596177
0.733518
0.720145
1.992244
0.783027
1.291584
0.820279
1.493855
1.142046
0.531208
2.693491
2.117124
1.765079
0.772604
1.379471
1.005010
2.754869
0.812584
1.131320
0.609865
2.375547
3.931026
0.253129
2.039025
0.340621
2.032297
1.386389
0.922894
1.278200
0.757143
1.759929
1.271423
1.358894
3.655783
0.720357
2.529525
1.168262
1.425077
1.107418
3.464228
1.995912
0.829179
1.857084
1.074448
1.510886
0.737288
2.454352
1.189978
1.437888
0.782178
1.784994
1.010027
0.704235
1.978517
0.512615
0.872584
1.222338
1.900633
1.819411
0.144833
0.075964
0.974236
1.317109
1.372972
0.867738
2.246023
1.010480
2.310194
0.950692
2.570019
2.009029
0.432104
0.532435
1.138220
1.371016
2.136052
1.942787
0.984375
0.716773
0.824722
1.764155
3.768740
1.886083
3.529753
1.800783
2.786553
0.755443
0.581878
1.501154
4.772340
0.618591
1.516687
0.938627
2.004742
0.524861
1.838534
1.348924
1.409675
1.273365
3.260400
1.053097
0.729786
0.246790
1.473959
1.927629
1.503010
0.941665
1.143369
6.454385
1.590625
2.144927
1.753128
1.456769
1.226081
1.565725
0.763758
0.957752
3.043000
1.180005
4.804731
2.872104
1.785351
1.469853
0.714595
1.091801
2.052766
4.124509
5.268507
0.856274
1.195611
3.129698
2.031460
2.030934
3.961093
0.894132
1.192046
1.397932
1.893018
3.657756
1.389505
0.906701
1.921434
0.687646
3.555775
0.648847
2.723588
0.651015
1.511867
2.146710
1.844587
1.465190
1.706572
1.004077
0.560837
3.344462
2.502095
3.561140
2.955507
2.435810
0.743019
0.969037
1.997493
0.189594
0.468404
1.846558
0.956472
1.562908
0.745559
0.381528
1.417101
2.482342
1.124772
0.798654
0.349821
1.000247
1.303097
3.906062
1.574395
0.464522
1.968140
0.869656
1.924362
1.022631
1.963297
3.120062
0.876415
1.438687
2.604850
0.671829
1.032117
0.452675
1.561635
0.513885
0.515774
2.073414
2.705594
1.331381
0.977690
0.483519
1.616128
3.982969
5.022983
0.375795
0.724475
0.317516
1.222695
2.227867
0.204398
0.439454
3.396734
2.119610
1.142906
1.685081
0.560922
0.598505
1.425927
1.289546
2.169771
1.077030
2.073828
0.590855
1.399289
0.976985
0.917366
1.925809
0.496449
0.655772
0.735693
1.333303
0.954690
3.117166
1.240947
0.927108
0.113570
2.104382
1.086828
1.250665
1.398661
1.164802
1.596398
1.231027
0.688402
0.379474
0.520802
1.070673
0.798602
1.975980
3.828594
0.349934
0.545480
1.892761
0.765725
1.985028
0.403431
1.630684
1.165928
0.719819
2.765441
1.989214
2.278458
0.705898
1.668568
0.815655
1.553008
1.706798
0.337364
0.282992
0.550832
1.638234
1.312419
2.331764
0.490699
2.155563
3.135097
0.824209
0.620378
0.627945
0.273219
0.532951
0.802811
0.660983
2.891201
1.463923
4.506254
0.048820
0.668347
1.115438
0.724363
0.415668
0.586712
0.310416
0.941490
2.589405
0.962893
5.743286
1.290761
1.143539
0.265443
1.830032
0.410378
1.457213
1.277184
0.720534
0.937637
1.077472
1.430631
1.444468
1.648917
1.597111
2.029957
3.830578
2.698844
1.630321
1.347944
2.536673
1.637548
2.174240
0.793246
3.130339
2.982197
1.220466
4.938266
0.739679
0.900497
0.932805
0.726862
2.764339
2.432573
0.836435
1.441579
3.586733
3.074035
0.386922
0.611111
0.752972
1.322191
2.186325
2.650621
0.573309
1.053115
1.543394
0.484542
0.781276
0.723095
1.795227
0.472850
3.122785
1.182541
1.092793
2.409621
0.962812
3.470241
2.325549
1.658456
0.775620
0.556190
3.227381
0.529666
0.126339
0.680053
2.018468
3.888702
0.496444
2.584927
0.528573
1.073026
0.985538
3.817434
0.786946
1.442619
0.959346
3.137617
1.929700
1.721829
0.552269
1.057756
2.338889
0.366022
3.044717
0.709718
3.228348
0.771693
0.586780
1.952962
3.572099
1.199649
3.178171
2.674313
1.664524
3.371427
0.403637
1.020783
2.890353
0.719997
0.721318
0.282396
1.798901
1.663372
0.139894
5.681382
0.673419
0.995658
3.058670
4.220538
0.312487
0.352817
0.994333
2.857347
0.556879
0.801508
0.482995
0.390836
1.470471
0.882668
2.490128
1.321755
2.431738
2.051708
1.010877
1.202120
1.782932
1.264365
2.953646
1.444648
2.139096
0.516033
1.623529
1.168071
2.356148
1.678488
1.152258
0.279758
0.278487
0.950378
0.191545
0.449558
1.144611
1.060451
0.150675
1.631442
1.932168
0.523919
2.017199
0.843135
1.252455
1.469153
2.639231
0.879083
0.900085
0.726943
2.427379
0.235976
2.155915
1.925595
1.572883
1.380067
2.892318
0.738431
0.206888
1.855085
3.396722
1.234937
2.104959
5.688096
2.774714
2.256500
0.434838
0.882732
0.650835
0.477002
5.378093
3.906074
0.814122
1.977921
0.762567
2.361294
0.864924
0.483385
0.515674
1.766457
1.030820
5.740684
1.933056
0.583937
1.900110
0.915604
2.035327
1.534796
1.585581
2.200240
0.848328
1.396872
0.780571
0.375915
1.378825
0.537250
2.966808
1.754853
1.268426
0.444053
2.407051
1.245798
0.353663
0.464759
0.692716
0.944330
3.863859
1.447346
1.277732
0.427033
0.737722
3.396409
0.412797
0.063645
0.446647
2.467797
0.923534
2.830900
1.118148
6.157609
1.727993
2.147666
1.385555
4.188179
2.767434
0.429496
0.474307
2.137508
2.280335
1.670882
3.039647
1.590536
0.524463
6.057213
2.109327
1.036352
0.934509
1.929092
0.036446
2.862731
2.559832
0.740289
2.378259
4.057784
0.747913
3.737454
2.266328
1.612031
2.473296
0.706052
1.598852
1.263986
0.212248
0.590399
1.191285
3.134751
0.835484
1.570317
1.786165
0.439959
0.766289
1.488356
2.056691
1.118131
1.475041
1.308773
2.694618
3.994744
0.719603
2.704832
2.568337
0.413213
0.477748
1.726106
0.333179
1.047890
1.574464
2.813938
0.287548
1.150393
0.468907
1.808446
4.701830
0.545307
2.948089
1.149057
0.360367
0.630273
0.365844
2.168815
0.885811
0.959074
0.966554
0.393663
2.441163
4.537373
1.604996
1.822538
3.529601
2.988401
1.416191
2.221033
0.136897
1.879073
1.158141
0.372373
0.467568
0.378190
4.616345
0.596694
1.396509
0.426227
2.979882
1.348744
0.787637
2.242298
0.129808
0.976658
0.141718
0.400011
0.537965
0.922040
1.201777
1.371763
1.153860
0.839154
1.316544
0.396694
0.173709
1.175541
0.099857
1.487078
0.738657
0.173608
0.827661
1.981328
0.429817
1.125639
2.498901
0.385618
1.667926
1.019741
0.638715
1.377762
3.827880
1.276754
0.912427
4.253794
3.061915
0.948983
0.333631
0.336646
1.960978
1.405220
1.605469
0.606949
2.891465
0.540750
0.822290
3.167021
1.648849
0.840659
1.268367
3.266370
0.892790
2.440993
1.701340
1.158690
0.772922
1.254244
1.414881
3.638660
3.192239
2.227005
1.245925
2.752165
0.825560
2.664276
2.538516
0.642000
0.675456
3.316352
0.805893
4.576106
1.223846
3.577341
0.565445
0.980326
0.423828
1.229822
0.809440
2.107883
2.383508
2.385880
1.800765
0.537182
1.666536
0.927443
1.620314
3.630381
2.749337
0.626210
2.927522
2.225705
0.118632
1.007833
1.714018
0.851054
0.730694
1.278035
1.360697
1.252068
1.109313
2.614666
1.202632
3.626442
2.268947
